0.631503 0.916802 -0.901020 1.910636 0.631569 -0.379330
1.910636 0.631569 -0.379330 1.405966 -1.194914 -0.426530
1.405966 -1.194914 -0.426530 0.800804 -1.075440 -0.672077
0.800804 -1.075440 -0.672077 0.397908 -0.970075 -0.837667
0.397908 -0.970075 -0.837667 0.631503 0.916802 -0.901020
0.852496 0.867485 -0.644648 2.129447 0.584670 -0.496586
2.129447 0.584670 -0.496586 2.132075 0.583932 -0.496284
2.132075 0.583932 -0.496284 1.728363 -1.266645 -0.568492
1.728363 -1.266645 -0.568492 0.462611 -0.988208 -0.715280
0.462611 -0.988208 -0.715280 0.449000 -0.984169 -0.716844
0.449000 -0.984169 -0.716844 0.852496 0.867485 -0.644648
1.115792 0.804248 -0.659449 1.801223 0.667480 -0.570302
1.801223 0.667480 -0.570302 2.244864 0.553981 -0.511596
2.244864 0.553981 -0.511596 2.039058 -1.339204 -0.460369
2.039058 -1.339204 -0.460369 0.602051 -1.019795 -0.648582
0.602051 -1.019795 -0.648582 1.115792 0.804248 -0.659449
1.283010 0.757120 -0.614348 2.395538 0.525942 -0.387546
2.395538 0.525942 -0.387546 2.310813 -1.358546 -0.426190
2.310813 -1.358546 -0.426190 2.077672 -1.344018 -0.474099
2.077672 -1.344018 -0.474099 0.886387 -1.077336 -0.716742
0.886387 -1.077336 -0.716742 1.283010 0.757120 -0.614348
1.468829 0.694893 -0.685872 2.634715 0.500352 -0.294723
2.634715 0.500352 -0.294723 2.428238 -1.361931 -0.264167
2.428238 -1.361931 -0.264167 2.278670 -1.356894 -0.313298
2.278670 -1.356894 -0.313298 2.026932 -1.343641 -0.396242
2.026932 -1.343641 -0.396242 1.889422 -1.320886 -0.442366
1.889422 -1.320886 -0.442366 1.165976 -1.139906 -0.688250
1.165976 -1.139906 -0.688250 1.468829 0.694893 -0.685872
1.706327 0.651467 -0.589074 2.933427 0.451297 -0.340313
2.933427 0.451297 -0.340313 2.622974 -1.377928 -0.311173
2.622974 -1.377928 -0.311173 1.861272 -1.314511 -0.462608
1.861272 -1.314511 -0.462608 1.714071 -1.290113 -0.492468
1.714071 -1.290113 -0.492468 1.451190 -1.218163 -0.547184
1.451190 -1.218163 -0.547184 1.298148 -1.173721 -0.579163
1.298148 -1.173721 -0.579163 1.706327 0.651467 -0.589074
1.975129 0.585819 -0.616525 3.119180 0.442570 -0.431472
3.119180 0.442570 -0.431472 2.879995 -1.390506 -0.190421
2.879995 -1.390506 -0.190421 1.694443 -1.272270 -0.377652
1.694443 -1.272270 -0.377652 1.434399 -1.199235 -0.425792
1.434399 -1.199235 -0.425792 1.975129 0.585819 -0.616525
2.135297 0.571610 -0.345559 2.601366 0.536296 -0.372586
2.601366 0.536296 -0.372586 3.267231 0.449080 -0.411643
3.267231 0.449080 -0.411643 3.162341 -1.442109 -0.428395
3.162341 -1.442109 -0.428395 1.724060 -1.285816 -0.344419
1.724060 -1.285816 -0.344419 2.135297 0.571610 -0.345559
2.259460 0.557205 -0.556291 3.533854 0.424090 -0.257572
3.533854 0.424090 -0.257572 3.308644 -1.450095 -0.160029
3.308644 -1.450095 -0.160029 2.044660 -1.321868 -0.456007
2.044660 -1.321868 -0.456007 2.259460 0.557205 -0.556291
2.406924 0.548438 -0.435815 3.856140 0.362171 -0.441023
3.856140 0.362171 -0.441023 3.449675 -1.463545 -0.197245
3.449675 -1.463545 -0.197245 3.061466 -1.427006 -0.194127
3.061466 -1.427006 -0.194127 2.307517 -1.319505 -0.192784
2.307517 -1.319505 -0.192784 2.406924 0.548438 -0.435815
2.674217 0.514093 -0.436773 3.950436 0.350061 -0.441360
3.950436 0.350061 -0.441360 4.119851 0.303152 -0.438726
4.119851 0.303152 -0.438726 3.614575 -1.492219 -0.196869
3.614575 -1.492219 -0.196869 2.473575 -1.330905 -0.194660
2.473575 -1.330905 -0.194660 2.674217 0.514093 -0.436773
2.969943 0.478947 -0.462703 3.726300 0.416828 -0.261032
3.726300 0.416828 -0.261032 3.845005 0.397685 -0.228847
3.845005 0.397685 -0.228847 4.090388 0.329532 -0.160686
4.090388 0.329532 -0.160686 4.242240 0.285090 -0.118377
4.242240 0.285090 -0.118377 3.841204 -1.543968 -0.119293
3.841204 -1.543968 -0.119293 2.658410 -1.352859 -0.440016
2.658410 -1.352859 -0.440016 2.969943 0.478947 -0.462703
3.144713 0.455536 -0.502962 3.307835 0.448942 -0.465033
3.307835 0.448942 -0.465033 3.569812 0.436048 -0.403903
3.569812 0.436048 -0.403903 3.699017 0.416575 -0.372525
3.699017 0.416575 -0.372525 4.426506 0.244035 -0.189958
4.426506 0.244035 -0.189958 4.103576 -1.583099 -0.092587
4.103576 -1.583099 -0.092587 2.913363 -1.396033 -0.382353
2.913363 -1.396033 -0.382353 3.144713 0.455536 -0.502962
3.288447 0.462148 -0.386992 3.508002 0.448725 -0.341469
3.508002 0.448725 -0.341469 4.673961 0.182492 -0.099518
4.673961 0.182492 -0.099518 4.347365 -1.667646 -0.165325
4.347365 -1.667646 -0.165325 3.191255 -1.423244 -0.405212
3.191255 -1.423244 -0.405212 3.288447 0.462148 -0.386992
3.543153 0.436905 -0.259845 4.964719 0.126951 -0.284363
4.964719 0.126951 -0.284363 4.593598 -1.722102 -0.218073
4.593598 -1.722102 -0.218073 3.938349 -1.604126 -0.206000
3.938349 -1.604126 -0.206000 3.337422 -1.449355 -0.196373
3.337422 -1.449355 -0.196373 3.543153 0.436905 -0.259845
3.864101 0.360389 -0.157081 5.210204 0.079095 -0.251034
5.210204 0.079095 -0.251034 4.832315 -1.764860 -0.340381
4.832315 -1.764860 -0.340381 3.780164 -1.574679 -0.268731
3.780164 -1.574679 -0.268731 3.605585 -1.527357 -0.255894
3.605585 -1.527357 -0.255894 3.448117 -1.483176 -0.244225
3.448117 -1.483176 -0.244225 3.864101 0.360389 -0.157081
4.118994 0.308616 -0.259450 5.458308 0.043493 -0.253297
5.458308 0.043493 -0.253297 5.083834 -1.818011 -0.249211
5.083834 -1.818011 -0.249211 3.756450 -1.568058 -0.255270
3.756450 -1.568058 -0.255270 3.605629 -1.526718 -0.255997
3.605629 -1.526718 -0.255997 4.118994 0.308616 -0.259450
4.280209 0.273407 -0.219470 4.445187 0.247352 -0.214176
4.445187 0.247352 -0.214176 4.694308 0.205790 -0.206278
4.694308 0.205790 -0.206278 5.703027 0.002165 -0.175858
5.703027 0.002165 -0.175858 5.330328 -1.864073 -0.272693
5.330328 -1.864073 -0.272693 3.871209 -1.584772 -0.317368
3.871209 -1.584772 -0.317368 4.280209 0.273407 -0.219470
4.447828 0.249939 -0.276067 4.703017 0.206813 -0.254477
4.703017 0.206813 -0.254477 5.943686 -0.044816 -0.149930
5.943686 -0.044816 -0.149930 5.569671 -1.919253 -0.201028
5.569671 -1.919253 -0.201028 4.139106 -1.636003 -0.321646
4.139106 -1.636003 -0.321646 4.447828 0.249939 -0.276067
4.710806 0.206471 -0.217775 4.923214 0.163854 -0.220579
4.923214 0.163854 -0.220579 6.195822 -0.092572 -0.237374
6.195822 -0.092572 -0.237374 5.817265 -1.975079 -0.224543
5.817265 -1.975079 -0.224543 4.725962 -1.755337 -0.210140
4.725962 -1.755337 -0.210140 4.362329 -1.681968 -0.205342
4.362329 -1.681968 -0.205342 4.710806 0.206471 -0.217775
4.969704 0.151026 -0.198821 5.010293 0.142936 -0.198641
5.010293 0.142936 -0.198641 6.154704 -0.086292 -0.193619
6.154704 -0.086292 -0.193619 6.195392 -0.094482 -0.193442
6.195392 -0.094482 -0.193442 6.440411 -0.144165 -0.192390
6.440411 -0.144165 -0.192390 6.062865 -2.021904 -0.268349
6.062865 -2.021904 -0.268349 6.027637 -2.014870 -0.268504
6.027637 -2.014870 -0.268504 4.592128 -1.726626 -0.274776
4.592128 -1.726626 -0.274776 4.969704 0.151026 -0.198821
5.215340 0.104717 -0.234097 6.138870 -0.081087 -0.222275
6.138870 -0.081087 -0.222275 6.685681 -0.191204 -0.215275
6.685681 -0.191204 -0.215275 6.473040 -1.250131 -0.219099
6.473040 -1.250131 -0.219099 6.062311 -2.024427 -0.225214
6.062311 -2.024427 -0.225214 5.588178 -1.929064 -0.231283
5.588178 -1.929064 -0.231283 4.836923 -1.777820 -0.240900
4.836923 -1.777820 -0.240900 5.215340 0.104717 -0.234097
5.472912 0.050608 -0.347742 6.681530 -0.189435 -0.192086
6.681530 -0.189435 -0.192086 6.300427 -2.070646 -0.154370
6.300427 -2.070646 -0.154370 5.091483 -1.830341 -0.310077
5.091483 -1.830341 -0.310077 5.472912 0.050608 -0.347742
5.709008 -0.002991 -0.338585 6.826528 -0.223318 -0.280735
6.826528 -0.223318 -0.280735 6.197996 -2.046209 -0.158856
6.197996 -2.046209 -0.158856 5.325819 -1.872404 -0.204152
5.325819 -1.872404 -0.204152 5.709008 -0.002991 -0.338585
5.738036 -1.103919 -0.250210 5.954144 -0.051624 -0.325867
5.954144 -0.051624 -0.325867 6.570227 -0.172382 -0.294031
6.570227 -0.172382 -0.294031 7.422227 -0.342664 -0.249743
7.422227 -0.342664 -0.249743 7.206371 -1.394592 -0.174106
7.206371 -1.394592 -0.174106 5.738036 -1.103919 -0.250210
6.548191 -0.163708 -0.214722 7.666409 -0.388616 -0.213610
7.666409 -0.388616 -0.213610 7.287725 -2.270848 -0.223779
7.287725 -2.270848 -0.223779 6.414614 -2.095152 -0.224647
6.414614 -2.095152 -0.224647 6.548191 -0.163708 -0.214722
6.709377 -0.214799 -0.070295 7.444583 -0.345767 -0.197899
7.444583 -0.345767 -0.197899 7.902883 -0.429194 -0.277698
7.902883 -0.429194 -0.277698 7.495606 -2.284430 -0.482409
7.495606 -2.284430 -0.482409 6.298276 -2.066285 -0.273904
6.298276 -2.066285 -0.273904 6.709377 -0.214799 -0.070295
6.473177 -1.250029 -0.212594 6.686402 -0.191062 -0.222148
6.686402 -0.191062 -0.222148 8.156345 -0.487241 -0.242425
8.156345 -0.487241 -0.242425 7.778010 -2.369659 -0.225454
7.778010 -2.369659 -0.225454 6.552858 -2.123080 -0.208552
6.552858 -2.123080 -0.208552 6.552649 -2.123038 -0.208549
6.552649 -2.123038 -0.208549 6.473177 -1.250029 -0.212594
6.933167 -0.245984 -0.151322 7.134261 -0.285336 -0.157963
7.134261 -0.285336 -0.157963 8.054349 -0.468990 -0.188534
8.054349 -0.468990 -0.188534 8.157155 -0.489634 -0.191956
8.157155 -0.489634 -0.191956 8.402530 -0.538998 -0.200129
8.402530 -0.538998 -0.200129 8.021917 -2.415172 -0.287241
8.021917 -2.415172 -0.287241 7.477082 -2.306180 -0.269126
7.477082 -2.306180 -0.269126 6.552097 -2.121140 -0.238372
6.552097 -2.121140 -0.238372 6.933167 -0.245984 -0.151322
7.178110 -0.293958 -0.150751 7.977152 -0.453238 -0.182105
7.977152 -0.453238 -0.182105 8.647685 -0.587773 -0.208465
8.647685 -0.587773 -0.208465 8.266747 -2.464636 -0.303094
8.266747 -2.464636 -0.303094 6.796918 -2.170334 -0.245345
6.796918 -2.170334 -0.245345 7.178110 -0.293958 -0.150751
7.423414 -0.342538 -0.155743 7.929464 -0.443150 -0.178130
7.929464 -0.443150 -0.178130 8.892729 -0.636272 -0.220844
8.892729 -0.636272 -0.220844 8.510765 -2.513541 -0.323330
8.510765 -2.513541 -0.323330 7.041744 -2.219675 -0.258230
7.041744 -2.219675 -0.258230 7.423414 -0.342538 -0.155743
7.665657 -0.391019 -0.267629 9.136534 -0.685981 -0.281134
9.136534 -0.685981 -0.281134 8.759152 -2.564154 -0.211171
8.759152 -2.564154 -0.211171 8.681203 -2.548677 -0.210450
8.681203 -2.548677 -0.210450 7.288241 -2.269235 -0.197664
7.288241 -2.269235 -0.197664 7.665657 -0.391019 -0.267629
7.910200 -0.440397 -0.272117 9.381526 -0.735201 -0.300059
9.381526 -0.735201 -0.300059 9.004166 -2.614180 -0.243979
9.004166 -2.614180 -0.243979 8.642936 -2.541992 -0.237114
8.642936 -2.541992 -0.237114 7.533185 -2.318983 -0.216056
7.533185 -2.318983 -0.216056 7.910200 -0.440397 -0.272117
8.161961 -0.489112 -0.179557 9.052620 -0.667401 -0.285906
9.052620 -0.667401 -0.285906 9.132627 -0.683427 -0.295460
9.132627 -0.683427 -0.295460 9.377088 -0.732531 -0.324656
9.377088 -0.732531 -0.324656 9.621860 -0.781728 -0.353889
9.621860 -0.781728 -0.353889 9.237614 -2.661736 -0.373042
9.237614 -2.661736 -0.373042 7.781622 -2.370197 -0.199186
7.781622 -2.370197 -0.199186 8.161961 -0.489112 -0.179557
8.400993 -0.536901 -0.240305 9.804657 -0.823161 -0.416039
9.804657 -0.823161 -0.416039 9.855911 -0.833835 -0.422452
9.855911 -0.833835 -0.422452 9.487037 -2.715764 -0.348649
9.487037 -2.715764 -0.348649 9.451077 -2.708470 -0.344147
9.451077 -2.708470 -0.344147 8.461894 -2.506006 -0.220315
8.461894 -2.506006 -0.220315 8.032337 -2.417721 -0.166545
8.032337 -2.417721 -0.166545 8.400993 -0.536901 -0.240305
8.640428 -0.589314 -0.301742 9.555650 -0.774920 -0.386895
9.555650 -0.774920 -0.386895 10.105113 -0.887752 -0.437959
10.105113 -0.887752 -0.437959 9.737706 -2.764122 -0.321343
9.737706 -2.764122 -0.321343 9.441231 -2.704073 -0.293756
9.441231 -2.704073 -0.293756 8.345819 -2.480018 -0.191918
8.345819 -2.480018 -0.191918 8.274857 -2.465254 -0.185332
8.274857 -2.465254 -0.185332 8.640428 -0.589314 -0.301742
8.888963 -0.650877 -0.398556 9.407932 -0.750959 -0.397988
9.407932 -0.750959 -0.397988 10.360828 -0.939346 -0.396485
10.360828 -0.939346 -0.396485 9.986278 -2.799247 -0.204652
9.986278 -2.799247 -0.204652 9.789651 -2.762579 -0.204743
9.789651 -2.762579 -0.204743 9.443157 -2.695446 -0.205153
9.443157 -2.695446 -0.205153 8.514112 -2.512419 -0.206555
8.514112 -2.512419 -0.206555 8.888963 -0.650877 -0.398556
9.148999 -0.690448 -0.172337 10.408669 -0.938523 -0.369854
10.408669 -0.938523 -0.369854 10.606717 -0.979645 -0.401058
10.606717 -0.979645 -0.401058 10.216635 -2.855724 -0.478256
10.216635 -2.855724 -0.478256 8.760953 -2.567424 -0.249890
8.760953 -2.567424 -0.249890 9.148999 -0.690448 -0.172337
9.381990 -0.736948 -0.278441 10.787347 -1.025530 -0.541518
10.787347 -1.025530 -0.541518 10.518118 -2.918532 -0.461359
10.518118 -2.918532 -0.461359 10.229724 -2.863616 -0.407308
10.229724 -2.863616 -0.407308 9.773745 -2.770755 -0.321938
9.773745 -2.770755 -0.321938 9.210884 -2.654121 -0.216589
9.210884 -2.654121 -0.216589 9.021588 -2.614157 -0.181170
9.021588 -2.614157 -0.181170 9.381990 -0.736948 -0.278441
9.623537 -0.793182 -0.324211 10.953928 -1.048153 -0.433897
10.953928 -1.048153 -0.433897 10.874048 -2.956523 -0.438888
10.874048 -2.956523 -0.438888 10.522866 -2.919888 -0.410119
10.522866 -2.919888 -0.410119 10.231339 -2.863720 -0.386082
10.231339 -2.863720 -0.386082 9.772210 -2.771552 -0.348203
9.772210 -2.771552 -0.348203 9.246183 -2.665593 -0.304803
9.246183 -2.665593 -0.304803 9.623537 -0.793182 -0.324211
9.865801 -0.863081 -0.297724 11.093357 -1.069869 -0.441176
11.093357 -1.069869 -0.441176 11.238247 -2.948052 -0.536515
11.238247 -2.948052 -0.536515 10.869339 -2.955154 -0.496334
10.869339 -2.955154 -0.496334 10.519095 -2.918656 -0.456356
10.519095 -2.918656 -0.456356 10.295178 -2.874504 -0.429917
10.295178 -2.874504 -0.429917 9.489552 -2.712579 -0.334664
9.489552 -2.712579 -0.334664 9.865801 -0.863081 -0.297724
10.101426 -0.935069 -0.365660 11.225286 -1.072908 -0.495678
11.225286 -1.072908 -0.495678 11.610250 -2.895421 -0.554516
11.610250 -2.895421 -0.554516 11.240952 -2.947979 -0.512581
11.240952 -2.947979 -0.512581 10.872311 -2.954849 -0.470353
10.872311 -2.954849 -0.470353 10.522129 -2.918342 -0.429893
10.522129 -2.918342 -0.429893 10.230441 -2.862315 -0.395985
10.230441 -2.862315 -0.395985 9.735584 -2.763002 -0.338425
9.735584 -2.763002 -0.338425 10.101426 -0.935069 -0.365660
10.342266 -1.007249 -0.351996 11.371943 -1.060142 -0.599652
11.371943 -1.060142 -0.599652 11.932787 -2.797716 -0.731030
11.932787 -2.797716 -0.731030 11.593096 -2.895582 -0.649091
11.593096 -2.895582 -0.649091 11.231035 -2.948363 -0.561862
11.231035 -2.948363 -0.561862 10.874071 -2.955052 -0.475953
10.874071 -2.955052 -0.475953 10.534007 -2.918429 -0.394201
10.534007 -2.918429 -0.394201 10.243775 -2.862375 -0.324479
10.243775 -2.862375 -0.324479 10.003036 -2.812710 -0.266654
10.003036 -2.812710 -0.266654 10.342266 -1.007249 -0.351996
10.587684 -1.060195 -0.422414 11.508541 -1.014876 -0.531915
11.508541 -1.014876 -0.531915 12.297403 -2.654227 -0.696772
12.297403 -2.654227 -0.696772 11.955569 -2.795885 -0.661409
11.955569 -2.795885 -0.661409 11.602262 -2.895085 -0.622860
11.602262 -2.895085 -0.622860 11.232849 -2.946730 -0.580349
11.232849 -2.946730 -0.580349 10.864517 -2.954008 -0.536091
10.864517 -2.954008 -0.536091 10.514752 -2.917654 -0.492232
10.514752 -2.917654 -0.492232 10.221426 -2.859936 -0.454297
10.221426 -2.859936 -0.454297 10.587684 -1.060195 -0.422414
10.800225 -1.094865 -0.404734 11.634747 -0.958321 -0.470821
11.634747 -0.958321 -0.470821 12.620440 -2.468251 -0.753551
12.620440 -2.468251 -0.753551 12.293881 -2.644888 -0.742779
12.293881 -2.644888 -0.742779 11.950288 -2.784112 -0.725736
11.950288 -2.784112 -0.725736 11.594868 -2.883562 -0.702647
11.594868 -2.883562 -0.702647 11.224918 -2.931500 -0.671808
11.224918 -2.931500 -0.671808 10.855497 -2.938642 -0.636025
10.855497 -2.938642 -0.636025 10.505170 -2.902104 -0.596788
10.505170 -2.902104 -0.596788 10.800225 -1.094865 -0.404734
10.963751 -1.122416 -0.389567 11.760517 -0.859513 -0.591093
11.760517 -0.859513 -0.591093 12.860851 -2.242331 -0.939888
12.860851 -2.242331 -0.939888 12.581606 -2.466830 -0.874602
12.581606 -2.466830 -0.874602 12.263683 -2.650664 -0.797376
12.263683 -2.650664 -0.797376 11.933888 -2.794281 -0.715365
11.933888 -2.794281 -0.715365 11.596972 -2.895378 -0.629742
11.596972 -2.895378 -0.629742 11.237041 -2.949168 -0.536081
11.237041 -2.949168 -0.536081 10.883518 -2.958426 -0.442329
10.883518 -2.958426 -0.442329 10.963751 -1.122416 -0.389567
11.089015 -1.110603 -0.537302 11.834533 -0.765205 -0.542702
11.834533 -0.765205 -0.542702 13.186865 -1.995729 -0.688470
13.186865 -1.995729 -0.688470 12.921042 -2.253047 -0.696368
12.921042 -2.253047 -0.696368 12.624925 -2.474581 -0.700399
12.624925 -2.474581 -0.700399 12.301080 -2.653233 -0.700148
12.301080 -2.653233 -0.700148 11.958162 -2.792616 -0.696238
11.958162 -2.792616 -0.696238 11.601459 -2.890440 -0.688717
11.601459 -2.890440 -0.688717 11.233048 -2.938980 -0.677105
11.233048 -2.938980 -0.677105 11.089015 -1.110603 -0.537302
11.273807 -1.059812 -0.415029 11.850035 -0.684960 -0.833784
11.850035 -0.684960 -0.833784 13.210672 -1.849208 -1.112259
13.210672 -1.849208 -1.112259 13.061164 -2.080482 -0.957159
13.061164 -2.080482 -0.957159 12.879849 -2.279016 -0.797464
12.879849 -2.279016 -0.797464 12.665222 -2.444711 -0.632453
12.665222 -2.444711 -0.632453 12.402337 -2.587633 -0.451146
12.402337 -2.587633 -0.451146 12.127457 -2.683310 -0.280203
12.127457 -2.683310 -0.280203 11.844289 -2.730652 -0.121859
11.844289 -2.730652 -0.121859 11.273807 -1.059812 -0.415029
11.361890 -1.056132 -0.696137 11.986171 -0.523912 -0.714923
11.986171 -0.523912 -0.714923 13.611220 -1.391562 -0.734536
13.611220 -1.391562 -0.734536 13.417288 -1.706430 -0.726756
13.417288 -1.706430 -0.726756 13.185859 -1.994477 -0.718612
13.185859 -1.994477 -0.718612 12.920321 -2.251363 -0.710225
12.920321 -2.251363 -0.710225 12.624596 -2.473232 -0.701719
12.624596 -2.473232 -0.701719 12.302341 -2.657274 -0.693200
12.302341 -2.657274 -0.693200 11.960265 -2.799473 -0.684848
11.960265 -2.799473 -0.684848 11.361890 -1.056132 -0.696137
