-20,-10
-0.0887634 0 0.996053 -0.743883 -1 0 0 1
-20,-9
-0.0887634 0 0.996053 -0.743883 -1 0 0 1
-20,-8
-0.0887634 0 0.996053 -0.743883 -1 0 0 1
-20,-7
-0.0887634 0 0.996053 -0.743883 -1 0 0 1
-20,-6
-0.0887634 0 0.996053 -0.743883 -1 0 0 1
-20,-5
-0.0887634 0 0.996053 -0.743883 -1 0 0 1
-20,-4
-0.0887634 0 0.996053 -0.743883 -1 0 0 1
-20,-3
-0.0887634 0 0.996053 -0.743883 -1 0 0 1
-20,-2
-0.0887634 0 0.996053 -0.743883 -1 0 0 1
-20,-1
-0.0887634 0 0.996053 -0.743883 -1 0 0 1
-20,0
-0.0887634 0 0.996053 -0.743883 -1 0 0 1
-20,1
-0.0887634 0 0.996053 -0.743883 -1 0 0 1
-20,2
-0.0887634 0 0.996053 -0.743883 -1 0 0 1
-20,3
-0.0887634 0 0.996053 -0.743883 -1 0 0 1
-20,4
-0.0887634 0 0.996053 -0.743883 -1 0 0 1
-20,5
-0.0887634 0 0.996053 -0.743883 -1 0 0 1
-20,6
-0.0887634 0 0.996053 -0.743883 -1 0 0 1
-20,7
-0.0887634 0 0.996053 -0.743883 -1 0 0 1
-20,8
-0.0887634 0 0.996053 -0.743883 -1 0 0 1
-20,9
-0.0887634 0 0.996053 -0.743883 -1 0 0 1
-19,-10
-0.0118122 0 0.99993 -0.370023 -0.996917 0 0 1
-19,-9
-0.0118122 0 0.99993 -0.370023 -0.996917 0 0 1
-19,-8
-0.0118122 0 0.99993 -0.370023 -0.996917 0 0 1
-19,-7
-0.0118122 0 0.99993 -0.370023 -0.996917 0 0 1
-19,-6
-0.0118122 0 0.99993 -0.370023 -0.996917 0 0 1
-19,-5
-0.0118122 0 0.99993 -0.370023 -0.996917 0 0 1
-19,-4
-0.0118122 0 0.99993 -0.370023 -0.996917 0 0 1
-19,-3
-0.0118122 0 0.99993 -0.370023 -0.996917 0 0 1
-19,-2
-0.0118122 0 0.99993 -0.370023 -0.996917 0 0 1
-19,-1
-0.0118122 0 0.99993 -0.370023 -0.996917 0 0 1
-19,0
-0.0118122 0 0.99993 -0.370023 -0.996917 0 0 1
-19,1
-0.0118122 0 0.99993 -0.370023 -0.996917 0 0 1
-19,2
-0.0118122 0 0.99993 -0.370023 -0.996917 0 0 1
-19,3
-0.0118122 0 0.99993 -0.370023 -0.996917 0 0 1
-19,4
-0.0118122 0 0.99993 -0.370023 -0.996917 0 0 1
-19,5
-0.0118122 0 0.99993 -0.370023 -0.996917 0 0 1
-19,6
-0.0118122 0 0.99993 -0.370023 -0.996917 0 0 1
-19,7
-0.0118122 0 0.99993 -0.370023 -0.996917 0 0 1
-19,8
-0.0118122 0 0.99993 -0.370023 -0.996917 0 0 1
-19,9
-0.0118122 0 0.99993 -0.370023 -0.996917 0 0 1
-18,-10
0.0660787 0 0.997814 -0.00907472 -0.987688 0 0 1
-18,-9
0.0660787 0 0.997814 -0.00907472 -0.987688 0 0 1
-18,-8
0.0660787 0 0.997814 -0.00907472 -0.987688 0 0 1
-18,-7
0.0660787 0 0.997814 -0.00907472 -0.987688 0 0 1
-18,-6
0.0660787 0 0.997814 -0.00907472 -0.987688 0 0 1
-18,-5
0.0660787 0 0.997814 -0.00907472 -0.987688 0 0 1
-18,-4
0.0660787 0 0.997814 -0.00907472 -0.987688 0 0 1
-18,-3
0.0660787 0 0.997814 -0.00907472 -0.987688 0 0 1
-18,-2
0.0660787 0 0.997814 -0.00907472 -0.987688 0 0 1
-18,-1
0.0660787 0 0.997814 -0.00907472 -0.987688 0 0 1
-18,0
0.0660787 0 0.997814 -0.00907472 -0.987688 0 0 1
-18,1
0.0660787 0 0.997814 -0.00907472 -0.987688 0 0 1
-18,2
0.0660787 0 0.997814 -0.00907472 -0.987688 0 0 1
-18,3
0.0660787 0 0.997814 -0.00907472 -0.987688 0 0 1
-18,4
0.0660787 0 0.997814 -0.00907472 -0.987688 0 0 1
-18,5
0.0660787 0 0.997814 -0.00907472 -0.987688 0 0 1
-18,6
0.0660787 0 0.997814 -0.00907472 -0.987688 0 0 1
-18,7
0.0660787 0 0.997814 -0.00907472 -0.987688 0 0 1
-18,8
0.0660787 0 0.997814 -0.00907472 -0.987688 0 0 1
-18,9
0.0660787 0 0.997814 -0.00907472 -0.987688 0 0 1
-17,-10
0.138786 0 0.990322 0.311393 -0.97237 0 0 1
-17,-9
0.138786 0 0.990322 0.311393 -0.97237 0 0 1
-17,-8
0.138786 0 0.990322 0.311393 -0.97237 0 0 1
-17,-7
0.138786 0 0.990322 0.311393 -0.97237 0 0 1
-17,-6
0.138786 0 0.990322 0.311393 -0.97237 0 0 1
-17,-5
0.138786 0 0.990322 0.311393 -0.97237 0 0 1
-17,-4
0.138786 0 0.990322 0.311393 -0.97237 0 0 1
-17,-3
0.138786 0 0.990322 0.311393 -0.97237 0 0 1
-17,-2
0.138786 0 0.990322 0.311393 -0.97237 0 0 1
-17,-1
0.138786 0 0.990322 0.311393 -0.97237 0 0 1
-17,0
0.138786 0 0.990322 0.311393 -0.97237 0 0 1
-17,1
0.138786 0 0.990322 0.311393 -0.97237 0 0 1
-17,2
0.138786 0 0.990322 0.311393 -0.97237 0 0 1
-17,3
0.138786 0 0.990322 0.311393 -0.97237 0 0 1
-17,4
0.138786 0 0.990322 0.311393 -0.97237 0 0 1
-17,5
0.138786 0 0.990322 0.311393 -0.97237 0 0 1
-17,6
0.138786 0 0.990322 0.311393 -0.97237 0 0 1
-17,7
0.138786 0 0.990322 0.311393 -0.97237 0 0 1
-17,8
0.138786 0 0.990322 0.311393 -0.97237 0 0 1
-17,9
0.138786 0 0.990322 0.311393 -0.97237 0 0 1
-16,-10
0.201151 0 0.97956 0.571707 -0.951057 0 0 1
-16,-9
0.201151 0 0.97956 0.571707 -0.951057 0 0 1
-16,-8
0.201151 0 0.97956 0.571707 -0.951057 0 0 1
-16,-7
0.201151 0 0.97956 0.571707 -0.951057 0 0 1
-16,-6
0.201151 0 0.97956 0.571707 -0.951057 0 0 1
-16,-5
0.201151 0 0.97956 0.571707 -0.951057 0 0 1
-16,-4
0.201151 0 0.97956 0.571707 -0.951057 0 0 1
-16,-3
0.201151 0 0.97956 0.571707 -0.951057 0 0 1
-16,-2
0.201151 0 0.97956 0.571707 -0.951057 0 0 1
-16,-1
0.201151 0 0.97956 0.571707 -0.951057 0 0 1
-16,0
0.201151 0 0.97956 0.571707 -0.951057 0 0 1
-16,1
0.201151 0 0.97956 0.571707 -0.951057 0 0 1
-16,2
0.201151 0 0.97956 0.571707 -0.951057 0 0 1
-16,3
0.201151 0 0.97956 0.571707 -0.951057 0 0 1
-16,4
0.201151 0 0.97956 0.571707 -0.951057 0 0 1
-16,5
0.201151 0 0.97956 0.571707 -0.951057 0 0 1
-16,6
0.201151 0 0.97956 0.571707 -0.951057 0 0 1
-16,7
0.201151 0 0.97956 0.571707 -0.951057 0 0 1
-16,8
0.201151 0 0.97956 0.571707 -0.951057 0 0 1
-16,9
0.201151 0 0.97956 0.571707 -0.951057 0 0 1
-15,-10
0.249625 0 0.968342 0.762219 -0.92388 0 0 1
-15,-9
0.249625 0 0.968342 0.762219 -0.92388 0 0 1
-15,-8
0.249625 0 0.968342 0.762219 -0.92388 0 0 1
-15,-7
0.249625 0 0.968342 0.762219 -0.92388 0 0 1
-15,-6
0.249625 0 0.968342 0.762219 -0.92388 0 0 1
-15,-5
0.249625 0 0.968342 0.762219 -0.92388 0 0 1
-15,-4
0.249625 0 0.968342 0.762219 -0.92388 0 0 1
-15,-3
0.249625 0 0.968342 0.762219 -0.92388 0 0 1
-15,-2
0.249625 0 0.968342 0.762219 -0.92388 0 0 1
-15,-1
0.249625 0 0.968342 0.762219 -0.92388 0 0 1
-15,0
0.249625 0 0.968342 0.762219 -0.92388 0 0 1
-15,1
0.249625 0 0.968342 0.762219 -0.92388 0 0 1
-15,2
0.249625 0 0.968342 0.762219 -0.92388 0 0 1
-15,3
0.249625 0 0.968342 0.762219 -0.92388 0 0 1
-15,4
0.249625 0 0.968342 0.762219 -0.92388 0 0 1
-15,5
0.249625 0 0.968342 0.762219 -0.92388 0 0 1
-15,6
0.249625 0 0.968342 0.762219 -0.92388 0 0 1
-15,7
0.249625 0 0.968342 0.762219 -0.92388 0 0 1
-15,8
0.249625 0 0.968342 0.762219 -0.92388 0 0 1
-15,9
0.249625 0 0.968342 0.762219 -0.92388 0 0 1
-14,-10
0.282236 0 0.959345 0.882104 -0.891007 0 0 1
-14,-9
0.282236 0 0.959345 0.882104 -0.891007 0 0 1
-14,-8
0.282236 0 0.959345 0.882104 -0.891007 0 0 1
-14,-7
0.282236 0 0.959345 0.882104 -0.891007 0 0 1
-14,-6
0.282236 0 0.959345 0.882104 -0.891007 0 0 1
-14,-5
0.282236 0 0.959345 0.882104 -0.891007 0 0 1
-14,-4
0.282236 0 0.959345 0.882104 -0.891007 0 0 1
-14,-3
0.282236 0 0.959345 0.882104 -0.891007 0 0 1
-14,-2
0.282236 0 0.959345 0.882104 -0.891007 0 0 1
-14,-1
0.282236 0 0.959345 0.882104 -0.891007 0 0 1
-14,0
0.282236 0 0.959345 0.882104 -0.891007 0 0 1
-14,1
0.282236 0 0.959345 0.882104 -0.891007 0 0 1
-14,2
0.282236 0 0.959345 0.882104 -0.891007 0 0 1
-14,3
0.282236 0 0.959345 0.882104 -0.891007 0 0 1
-14,4
0.282236 0 0.959345 0.882104 -0.891007 0 0 1
-14,5
0.282236 0 0.959345 0.882104 -0.891007 0 0 1
-14,6
0.282236 0 0.959345 0.882104 -0.891007 0 0 1
-14,7
0.282236 0 0.959345 0.882104 -0.891007 0 0 1
-14,8
0.282236 0 0.959345 0.882104 -0.891007 0 0 1
-14,9
0.282236 0 0.959345 0.882104 -0.891007 0 0 1
-13,-10
0.298114 0 0.95453 0.936426 -0.85264 0 0 1
-13,-9
0.298114 0 0.95453 0.936426 -0.85264 0 0 1
-13,-8
0.298114 0 0.95453 0.936426 -0.85264 0 0 1
-13,-7
0.298114 0 0.95453 0.936426 -0.85264 0 0 1
-13,-6
0.298114 0 0.95453 0.936426 -0.85264 0 0 1
-13,-5
0.298114 0 0.95453 0.936426 -0.85264 0 0 1
-13,-4
0.298114 0 0.95453 0.936426 -0.85264 0 0 1
-13,-3
0.298114 0 0.95453 0.936426 -0.85264 0 0 1
-13,-2
0.298114 0 0.95453 0.936426 -0.85264 0 0 1
-13,-1
0.298114 0 0.95453 0.936426 -0.85264 0 0 1
-13,0
0.298114 0 0.95453 0.936426 -0.85264 0 0 1
-13,1
0.298114 0 0.95453 0.936426 -0.85264 0 0 1
-13,2
0.298114 0 0.95453 0.936426 -0.85264 0 0 1
-13,3
0.298114 0 0.95453 0.936426 -0.85264 0 0 1
-13,4
0.298114 0 0.95453 0.936426 -0.85264 0 0 1
-13,5
0.298114 0 0.95453 0.936426 -0.85264 0 0 1
-13,6
0.298114 0 0.95453 0.936426 -0.85264 0 0 1
-13,7
0.298114 0 0.95453 0.936426 -0.85264 0 0 1
-13,8
0.298114 0 0.95453 0.936426 -0.85264 0 0 1
-13,9
0.298114 0 0.95453 0.936426 -0.85264 0 0 1
-12,-10
0.296983 0 0.954883 0.933283 -0.809017 0 0 1
-12,-9
0.296983 0 0.954883 0.933283 -0.809017 0 0 1
-12,-8
0.296983 0 0.954883 0.933283 -0.809017 0 0 1
-12,-7
0.296983 0 0.954883 0.933283 -0.809017 0 0 1
-12,-6
0.296983 0 0.954883 0.933283 -0.809017 0 0 1
-12,-5
0.296983 0 0.954883 0.933283 -0.809017 0 0 1
-12,-4
0.296983 0 0.954883 0.933283 -0.809017 0 0 1
-12,-3
0.296983 0 0.954883 0.933283 -0.809017 0 0 1
-12,-2
0.296983 0 0.954883 0.933283 -0.809017 0 0 1
-12,-1
0.296983 0 0.954883 0.933283 -0.809017 0 0 1
-12,0
0.296983 0 0.954883 0.933283 -0.809017 0 0 1
-12,1
0.296983 0 0.954883 0.933283 -0.809017 0 0 1
-12,2
0.296983 0 0.954883 0.933283 -0.809017 0 0 1
-12,3
0.296983 0 0.954883 0.933283 -0.809017 0 0 1
-12,4
0.296983 0 0.954883 0.933283 -0.809017 0 0 1
-12,5
0.296983 0 0.954883 0.933283 -0.809017 0 0 1
-12,6
0.296983 0 0.954883 0.933283 -0.809017 0 0 1
-12,7
0.296983 0 0.954883 0.933283 -0.809017 0 0 1
-12,8
0.296983 0 0.954883 0.933283 -0.809017 0 0 1
-12,9
0.296983 0 0.954883 0.933283 -0.809017 0 0 1
-11,-10
0.278859 0 0.960332 0.882009 -0.760406 0 0 1
-11,-9
0.278859 0 0.960332 0.882009 -0.760406 0 0 1
-11,-8
0.278859 0 0.960332 0.882009 -0.760406 0 0 1
-11,-7
0.278859 0 0.960332 0.882009 -0.760406 0 0 1
-11,-6
0.278859 0 0.960332 0.882009 -0.760406 0 0 1
-11,-5
0.278859 0 0.960332 0.882009 -0.760406 0 0 1
-11,-4
0.278859 0 0.960332 0.882009 -0.760406 0 0 1
-11,-3
0.278859 0 0.960332 0.882009 -0.760406 0 0 1
-11,-2
0.278859 0 0.960332 0.882009 -0.760406 0 0 1
-11,-1
0.278859 0 0.960332 0.882009 -0.760406 0 0 1
-11,0
0.278859 0 0.960332 0.882009 -0.760406 0 0 1
-11,1
0.278859 0 0.960332 0.882009 -0.760406 0 0 1
-11,2
0.278859 0 0.960332 0.882009 -0.760406 0 0 1
-11,3
0.278859 0 0.960332 0.882009 -0.760406 0 0 1
-11,4
0.278859 0 0.960332 0.882009 -0.760406 0 0 1
-11,5
0.278859 0 0.960332 0.882009 -0.760406 0 0 1
-11,6
0.278859 0 0.960332 0.882009 -0.760406 0 0 1
-11,7
0.278859 0 0.960332 0.882009 -0.760406 0 0 1
-11,8
0.278859 0 0.960332 0.882009 -0.760406 0 0 1
-11,9
0.278859 0 0.960332 0.882009 -0.760406 0 0 1
-10,-10
0.244075 0 0.969756 0.792516 -0.707107 0 0 1
-10,-9
0.244075 0 0.969756 0.792516 -0.707107 0 0 1
-10,-8
0.244075 0 0.969756 0.792516 -0.707107 0 0 1
-10,-7
0.244075 0 0.969756 0.792516 -0.707107 0 0 1
-10,-6
0.244075 0 0.969756 0.792516 -0.707107 0 0 1
-10,-5
0.244075 0 0.969756 0.792516 -0.707107 0 0 1
-10,-4
0.244075 0 0.969756 0.792516 -0.707107 0 0 1
-10,-3
0.244075 0 0.969756 0.792516 -0.707107 0 0 1
-10,-2
0.244075 0 0.969756 0.792516 -0.707107 0 0 1
-10,-1
0.244075 0 0.969756 0.792516 -0.707107 0 0 1
-10,0
0.244075 0 0.969756 0.792516 -0.707107 0 0 1
-10,1
0.244075 0 0.969756 0.792516 -0.707107 0 0 1
-10,2
0.244075 0 0.969756 0.792516 -0.707107 0 0 1
-10,3
0.244075 0 0.969756 0.792516 -0.707107 0 0 1
-10,4
0.244075 0 0.969756 0.792516 -0.707107 0 0 1
-10,5
0.244075 0 0.969756 0.792516 -0.707107 0 0 1
-10,6
0.244075 0 0.969756 0.792516 -0.707107 0 0 1
-10,7
0.244075 0 0.969756 0.792516 -0.707107 0 0 1
-10,8
0.244075 0 0.969756 0.792516 -0.707107 0 0 1
-10,9
0.244075 0 0.969756 0.792516 -0.707107 0 0 1
-9,-10
0.193612 0 0.981078 0.675442 -0.649448 0 0 1
-9,-9
0.193612 0 0.981078 0.675442 -0.649448 0 0 1
-9,-8
0.193612 0 0.981078 0.675442 -0.649448 0 0 1
-9,-7
0.193612 0 0.981078 0.675442 -0.649448 0 0 1
-9,-6
0.193612 0 0.981078 0.675442 -0.649448 0 0 1
-9,-5
0.193612 0 0.981078 0.675442 -0.649448 0 0 1
-9,-4
0.193612 0 0.981078 0.675442 -0.649448 0 0 1
-9,-3
0.193612 0 0.981078 0.675442 -0.649448 0 0 1
-9,-2
0.193612 0 0.981078 0.675442 -0.649448 0 0 1
-9,-1
0.193612 0 0.981078 0.675442 -0.649448 0 0 1
-9,0
0.193612 0 0.981078 0.675442 -0.649448 0 0 1
-9,1
0.193612 0 0.981078 0.675442 -0.649448 0 0 1
-9,2
0.193612 0 0.981078 0.675442 -0.649448 0 0 1
-9,3
0.193612 0 0.981078 0.675442 -0.649448 0 0 1
-9,4
0.193612 0 0.981078 0.675442 -0.649448 0 0 1
-9,5
0.193612 0 0.981078 0.675442 -0.649448 0 0 1
-9,6
0.193612 0 0.981078 0.675442 -0.649448 0 0 1
-9,7
0.193612 0 0.981078 0.675442 -0.649448 0 0 1
-9,8
0.193612 0 0.981078 0.675442 -0.649448 0 0 1
-9,9
0.193612 0 0.981078 0.675442 -0.649448 0 0 1
-8,-10
0.129633 0 0.991562 0.54252 -0.587785 0 0 1
-8,-9
0.129633 0 0.991562 0.54252 -0.587785 0 0 1
-8,-8
0.129633 0 0.991562 0.54252 -0.587785 0 0 1
-8,-7
0.129633 0 0.991562 0.54252 -0.587785 0 0 1
-8,-6
0.129633 0 0.991562 0.54252 -0.587785 0 0 1
-8,-5
0.129633 0 0.991562 0.54252 -0.587785 0 0 1
-8,-4
0.129633 0 0.991562 0.54252 -0.587785 0 0 1
-8,-3
0.129633 0 0.991562 0.54252 -0.587785 0 0 1
-8,-2
0.129633 0 0.991562 0.54252 -0.587785 0 0 1
-8,-1
0.129633 0 0.991562 0.54252 -0.587785 0 0 1
-8,0
0.129633 0 0.991562 0.54252 -0.587785 0 0 1
-8,1
0.129633 0 0.991562 0.54252 -0.587785 0 0 1
-8,2
0.129633 0 0.991562 0.54252 -0.587785 0 0 1
-8,3
0.129633 0 0.991562 0.54252 -0.587785 0 0 1
-8,4
0.129633 0 0.991562 0.54252 -0.587785 0 0 1
-8,5
0.129633 0 0.991562 0.54252 -0.587785 0 0 1
-8,6
0.129633 0 0.991562 0.54252 -0.587785 0 0 1
-8,7
0.129633 0 0.991562 0.54252 -0.587785 0 0 1
-8,8
0.129633 0 0.991562 0.54252 -0.587785 0 0 1
-8,9
0.129633 0 0.991562 0.54252 -0.587785 0 0 1
-7,-10
0.0559101 0 0.998436 0.406487 -0.522499 0 0 1
-7,-9
0.0559101 0 0.998436 0.406487 -0.522499 0 0 1
-7,-8
0.0559101 0 0.998436 0.406487 -0.522499 0 0 1
-7,-7
0.0559101 0 0.998436 0.406487 -0.522499 0 0 1
-7,-6
0.0559101 0 0.998436 0.406487 -0.522499 0 0 1
-7,-5
0.0559101 0 0.998436 0.406487 -0.522499 0 0 1
-7,-4
0.0559101 0 0.998436 0.406487 -0.522499 0 0 1
-7,-3
0.0559101 0 0.998436 0.406487 -0.522499 0 0 1
-7,-2
0.0559101 0 0.998436 0.406487 -0.522499 0 0 1
-7,-1
0.0559101 0 0.998436 0.406487 -0.522499 0 0 1
-7,0
0.0559101 0 0.998436 0.406487 -0.522499 0 0 1
-7,1
0.0559101 0 0.998436 0.406487 -0.522499 0 0 1
-7,2
0.0559101 0 0.998436 0.406487 -0.522499 0 0 1
-7,3
0.0559101 0 0.998436 0.406487 -0.522499 0 0 1
-7,4
0.0559101 0 0.998436 0.406487 -0.522499 0 0 1
-7,5
0.0559101 0 0.998436 0.406487 -0.522499 0 0 1
-7,6
0.0559101 0 0.998436 0.406487 -0.522499 0 0 1
-7,7
0.0559101 0 0.998436 0.406487 -0.522499 0 0 1
-7,8
0.0559101 0 0.998436 0.406487 -0.522499 0 0 1
-7,9
0.0559101 0 0.998436 0.406487 -0.522499 0 0 1
-6,-10
-0.0222173 0 0.999753 0.279969 -0.453991 0 0 1
-6,-9
-0.0222173 0 0.999753 0.279969 -0.453991 0 0 1
-6,-8
-0.0222173 0 0.999753 0.279969 -0.453991 0 0 1
-6,-7
-0.0222173 0 0.999753 0.279969 -0.453991 0 0 1
-6,-6
-0.0222173 0 0.999753 0.279969 -0.453991 0 0 1
-6,-5
-0.0222173 0 0.999753 0.279969 -0.453991 0 0 1
-6,-4
-0.0222173 0 0.999753 0.279969 -0.453991 0 0 1
-6,-3
-0.0222173 0 0.999753 0.279969 -0.453991 0 0 1
-6,-2
-0.0222173 0 0.999753 0.279969 -0.453991 0 0 1
-6,-1
-0.0222173 0 0.999753 0.279969 -0.453991 0 0 1
-6,0
-0.0222173 0 0.999753 0.279969 -0.453991 0 0 1
-6,1
-0.0222173 0 0.999753 0.279969 -0.453991 0 0 1
-6,2
-0.0222173 0 0.999753 0.279969 -0.453991 0 0 1
-6,3
-0.0222173 0 0.999753 0.279969 -0.453991 0 0 1
-6,4
-0.0222173 0 0.999753 0.279969 -0.453991 0 0 1
-6,5
-0.0222173 0 0.999753 0.279969 -0.453991 0 0 1
-6,6
-0.0222173 0 0.999753 0.279969 -0.453991 0 0 1
-6,7
-0.0222173 0 0.999753 0.279969 -0.453991 0 0 1
-6,8
-0.0222173 0 0.999753 0.279969 -0.453991 0 0 1
-6,9
-0.0222173 0 0.999753 0.279969 -0.453991 0 0 1
-5,-10
-0.0985789 0 0.995129 0.173457 -0.382683 0 0 1
-5,-9
-0.0985789 0 0.995129 0.173457 -0.382683 0 0 1
-5,-8
-0.0985789 0 0.995129 0.173457 -0.382683 0 0 1
-5,-7
-0.0985789 0 0.995129 0.173457 -0.382683 0 0 1
-5,-6
-0.0985789 0 0.995129 0.173457 -0.382683 0 0 1
-5,-5
-0.0985789 0 0.995129 0.173457 -0.382683 0 0 1
-5,-4
-0.0985789 0 0.995129 0.173457 -0.382683 0 0 1
-5,-3
-0.0985789 0 0.995129 0.173457 -0.382683 0 0 1
-5,-2
-0.0985789 0 0.995129 0.173457 -0.382683 0 0 1
-5,-1
-0.0985789 0 0.995129 0.173457 -0.382683 0 0 1
-5,0
-0.0985789 0 0.995129 0.173457 -0.382683 0 0 1
-5,1
-0.0985789 0 0.995129 0.173457 -0.382683 0 0 1
-5,2
-0.0985789 0 0.995129 0.173457 -0.382683 0 0 1
-5,3
-0.0985789 0 0.995129 0.173457 -0.382683 0 0 1
-5,4
-0.0985789 0 0.995129 0.173457 -0.382683 0 0 1
-5,5
-0.0985789 0 0.995129 0.173457 -0.382683 0 0 1
-5,6
-0.0985789 0 0.995129 0.173457 -0.382683 0 0 1
-5,7
-0.0985789 0 0.995129 0.173457 -0.382683 0 0 1
-5,8
-0.0985789 0 0.995129 0.173457 -0.382683 0 0 1
-5,9
-0.0985789 0 0.995129 0.173457 -0.382683 0 0 1
-4,-10
-0.167347 0 0.985898 0.0932807 -0.309017 0 0 1
-4,-9
-0.167347 0 0.985898 0.0932807 -0.309017 0 0 1
-4,-8
-0.167347 0 0.985898 0.0932807 -0.309017 0 0 1
-4,-7
-0.167347 0 0.985898 0.0932807 -0.309017 0 0 1
-4,-6
-0.167347 0 0.985898 0.0932807 -0.309017 0 0 1
-4,-5
-0.167347 0 0.985898 0.0932807 -0.309017 0 0 1
-4,-4
-0.167347 0 0.985898 0.0932807 -0.309017 0 0 1
-4,-3
-0.167347 0 0.985898 0.0932807 -0.309017 0 0 1
-4,-2
-0.167347 0 0.985898 0.0932807 -0.309017 0 0 1
-4,-1
-0.167347 0 0.985898 0.0932807 -0.309017 0 0 1
-4,0
-0.167347 0 0.985898 0.0932807 -0.309017 0 0 1
-4,1
-0.167347 0 0.985898 0.0932807 -0.309017 0 0 1
-4,2
-0.167347 0 0.985898 0.0932807 -0.309017 0 0 1
-4,3
-0.167347 0 0.985898 0.0932807 -0.309017 0 0 1
-4,4
-0.167347 0 0.985898 0.0932807 -0.309017 0 0 1
-4,5
-0.167347 0 0.985898 0.0932807 -0.309017 0 0 1
-4,6
-0.167347 0 0.985898 0.0932807 -0.309017 0 0 1
-4,7
-0.167347 0 0.985898 0.0932807 -0.309017 0 0 1
-4,8
-0.167347 0 0.985898 0.0932807 -0.309017 0 0 1
-4,9
-0.167347 0 0.985898 0.0932807 -0.309017 0 0 1
-3,-10
-0.224024 0 0.974584 0.0406821 -0.233445 0 0 1
-3,-9
-0.224024 0 0.974584 0.0406821 -0.233445 0 0 1
-3,-8
-0.224024 0 0.974584 0.0406821 -0.233445 0 0 1
-3,-7
-0.224024 0 0.974584 0.0406821 -0.233445 0 0 1
-3,-6
-0.224024 0 0.974584 0.0406821 -0.233445 0 0 1
-3,-5
-0.224024 0 0.974584 0.0406821 -0.233445 0 0 1
-3,-4
-0.224024 0 0.974584 0.0406821 -0.233445 0 0 1
-3,-3
-0.224024 0 0.974584 0.0406821 -0.233445 0 0 1
-3,-2
-0.224024 0 0.974584 0.0406821 -0.233445 0 0 1
-3,-1
-0.224024 0 0.974584 0.0406821 -0.233445 0 0 1
-3,0
-0.224024 0 0.974584 0.0406821 -0.233445 0 0 1
-3,1
-0.224024 0 0.974584 0.0406821 -0.233445 0 0 1
-3,2
-0.224024 0 0.974584 0.0406821 -0.233445 0 0 1
-3,3
-0.224024 0 0.974584 0.0406821 -0.233445 0 0 1
-3,4
-0.224024 0 0.974584 0.0406821 -0.233445 0 0 1
-3,5
-0.224024 0 0.974584 0.0406821 -0.233445 0 0 1
-3,6
-0.224024 0 0.974584 0.0406821 -0.233445 0 0 1
-3,7
-0.224024 0 0.974584 0.0406821 -0.233445 0 0 1
-3,8
-0.224024 0 0.974584 0.0406821 -0.233445 0 0 1
-3,9
-0.224024 0 0.974584 0.0406821 -0.233445 0 0 1
-2,-10
-0.265784 0 0.964033 0.0123065 -0.156434 0 0 1
-2,-9
-0.265784 0 0.964033 0.0123065 -0.156434 0 0 1
-2,-8
-0.265784 0 0.964033 0.0123065 -0.156434 0 0 1
-2,-7
-0.265784 0 0.964033 0.0123065 -0.156434 0 0 1
-2,-6
-0.265784 0 0.964033 0.0123065 -0.156434 0 0 1
-2,-5
-0.265784 0 0.964033 0.0123065 -0.156434 0 0 1
-2,-4
-0.265784 0 0.964033 0.0123065 -0.156434 0 0 1
-2,-3
-0.265784 0 0.964033 0.0123065 -0.156434 0 0 1
-2,-2
-0.265784 0 0.964033 0.0123065 -0.156434 0 0 1
-2,-1
-0.265784 0 0.964033 0.0123065 -0.156434 0 0 1
-2,0
-0.265784 0 0.964033 0.0123065 -0.156434 0 0 1
-2,1
-0.265784 0 0.964033 0.0123065 -0.156434 0 0 1
-2,2
-0.265784 0 0.964033 0.0123065 -0.156434 0 0 1
-2,3
-0.265784 0 0.964033 0.0123065 -0.156434 0 0 1
-2,4
-0.265784 0 0.964033 0.0123065 -0.156434 0 0 1
-2,5
-0.265784 0 0.964033 0.0123065 -0.156434 0 0 1
-2,6
-0.265784 0 0.964033 0.0123065 -0.156434 0 0 1
-2,7
-0.265784 0 0.964033 0.0123065 -0.156434 0 0 1
-2,8
-0.265784 0 0.964033 0.0123065 -0.156434 0 0 1
-2,9
-0.265784 0 0.964033 0.0123065 -0.156434 0 0 1
-1,-10
-0.291201 0 0.956662 0.00155557 -0.0784591 0 0 1
-1,-9
-0.291201 0 0.956662 0.00155557 -0.0784591 0 0 1
-1,-8
-0.291201 0 0.956662 0.00155557 -0.0784591 0 0 1
-1,-7
-0.291201 0 0.956662 0.00155557 -0.0784591 0 0 1
-1,-6
-0.291201 0 0.956662 0.00155557 -0.0784591 0 0 1
-1,-5
-0.291201 0 0.956662 0.00155557 -0.0784591 0 0 1
-1,-4
-0.291201 0 0.956662 0.00155557 -0.0784591 0 0 1
-1,-3
-0.291201 0 0.956662 0.00155557 -0.0784591 0 0 1
-1,-2
-0.291201 0 0.956662 0.00155557 -0.0784591 0 0 1
-1,-1
-0.291201 0 0.956662 0.00155557 -0.0784591 0 0 1
-1,0
-0.291201 0 0.956662 0.00155557 -0.0784591 0 0 1
-1,1
-0.291201 0 0.956662 0.00155557 -0.0784591 0 0 1
-1,2
-0.291201 0 0.956662 0.00155557 -0.0784591 0 0 1
-1,3
-0.291201 0 0.956662 0.00155557 -0.0784591 0 0 1
-1,4
-0.291201 0 0.956662 0.00155557 -0.0784591 0 0 1
-1,5
-0.291201 0 0.956662 0.00155557 -0.0784591 0 0 1
-1,6
-0.291201 0 0.956662 0.00155557 -0.0784591 0 0 1
-1,7
-0.291201 0 0.956662 0.00155557 -0.0784591 0 0 1
-1,8
-0.291201 0 0.956662 0.00155557 -0.0784591 0 0 1
-1,9
-0.291201 0 0.956662 0.00155557 -0.0784591 0 0 1
0,-10
-0.299717 0 0.954028 0 0 0 0 1
0,-9
-0.299717 0 0.954028 0 0 0 0 1
0,-8
-0.299717 0 0.954028 0 0 0 0 1
0,-7
-0.299717 0 0.954028 0 0 0 0 1
0,-6
-0.299717 0 0.954028 0 0 0 0 1
0,-5
-0.299717 0 0.954028 0 0 0 0 1
0,-4
-0.299717 0 0.954028 0 0 0 0 1
0,-3
-0.299717 0 0.954028 0 0 0 0 1
0,-2
-0.299717 0 0.954028 0 0 0 0 1
0,-1
-0.299717 0 0.954028 0 0 0 0 1
0,0
-0.299717 0 0.954028 0 0 0 0 1
0,1
-0.299717 0 0.954028 0 0 0 0 1
0,2
-0.299717 0 0.954028 0 0 0 0 1
0,3
-0.299717 0 0.954028 0 0 0 0 1
0,4
-0.299717 0 0.954028 0 0 0 0 1
0,5
-0.299717 0 0.954028 0 0 0 0 1
0,6
-0.299717 0 0.954028 0 0 0 0 1
0,7
-0.299717 0 0.954028 0 0 0 0 1
0,8
-0.299717 0 0.954028 0 0 0 0 1
0,9
-0.299717 0 0.954028 0 0 0 0 1
1,-10
-0.291201 0 0.956662 -0.00155557 0.0784591 0 0 1
1,-9
-0.291201 0 0.956662 -0.00155557 0.0784591 0 0 1
1,-8
-0.291201 0 0.956662 -0.00155557 0.0784591 0 0 1
1,-7
-0.291201 0 0.956662 -0.00155557 0.0784591 0 0 1
1,-6
-0.291201 0 0.956662 -0.00155557 0.0784591 0 0 1
1,-5
-0.291201 0 0.956662 -0.00155557 0.0784591 0 0 1
1,-4
-0.291201 0 0.956662 -0.00155557 0.0784591 0 0 1
1,-3
-0.291201 0 0.956662 -0.00155557 0.0784591 0 0 1
1,-2
-0.291201 0 0.956662 -0.00155557 0.0784591 0 0 1
1,-1
-0.291201 0 0.956662 -0.00155557 0.0784591 0 0 1
1,0
-0.291201 0 0.956662 -0.00155557 0.0784591 0 0 1
1,1
-0.291201 0 0.956662 -0.00155557 0.0784591 0 0 1
1,2
-0.291201 0 0.956662 -0.00155557 0.0784591 0 0 1
1,3
-0.291201 0 0.956662 -0.00155557 0.0784591 0 0 1
1,4
-0.291201 0 0.956662 -0.00155557 0.0784591 0 0 1
1,5
-0.291201 0 0.956662 -0.00155557 0.0784591 0 0 1
1,6
-0.291201 0 0.956662 -0.00155557 0.0784591 0 0 1
1,7
-0.291201 0 0.956662 -0.00155557 0.0784591 0 0 1
1,8
-0.291201 0 0.956662 -0.00155557 0.0784591 0 0 1
1,9
-0.291201 0 0.956662 -0.00155557 0.0784591 0 0 1
2,-10
-0.265784 0 0.964033 -0.0123065 0.156434 0 0 1
2,-9
-0.265784 0 0.964033 -0.0123065 0.156434 0 0 1
2,-8
-0.265784 0 0.964033 -0.0123065 0.156434 0 0 1
2,-7
-0.265784 0 0.964033 -0.0123065 0.156434 0 0 1
2,-6
-0.265784 0 0.964033 -0.0123065 0.156434 0 0 1
2,-5
-0.265784 0 0.964033 -0.0123065 0.156434 0 0 1
2,-4
-0.265784 0 0.964033 -0.0123065 0.156434 0 0 1
2,-3
-0.265784 0 0.964033 -0.0123065 0.156434 0 0 1
2,-2
-0.265784 0 0.964033 -0.0123065 0.156434 0 0 1
2,-1
-0.265784 0 0.964033 -0.0123065 0.156434 0 0 1
2,0
-0.265784 0 0.964033 -0.0123065 0.156434 0 0 1
2,1
-0.265784 0 0.964033 -0.0123065 0.156434 0 0 1
2,2
-0.265784 0 0.964033 -0.0123065 0.156434 0 0 1
2,3
-0.265784 0 0.964033 -0.0123065 0.156434 0 0 1
2,4
-0.265784 0 0.964033 -0.0123065 0.156434 0 0 1
2,5
-0.265784 0 0.964033 -0.0123065 0.156434 0 0 1
2,6
-0.265784 0 0.964033 -0.0123065 0.156434 0 0 1
2,7
-0.265784 0 0.964033 -0.0123065 0.156434 0 0 1
2,8
-0.265784 0 0.964033 -0.0123065 0.156434 0 0 1
2,9
-0.265784 0 0.964033 -0.0123065 0.156434 0 0 1
3,-10
-0.224024 0 0.974584 -0.0406821 0.233445 0 0 1
3,-9
-0.224024 0 0.974584 -0.0406821 0.233445 0 0 1
3,-8
-0.224024 0 0.974584 -0.0406821 0.233445 0 0 1
3,-7
-0.224024 0 0.974584 -0.0406821 0.233445 0 0 1
3,-6
-0.224024 0 0.974584 -0.0406821 0.233445 0 0 1
3,-5
-0.224024 0 0.974584 -0.0406821 0.233445 0 0 1
3,-4
-0.224024 0 0.974584 -0.0406821 0.233445 0 0 1
3,-3
-0.224024 0 0.974584 -0.0406821 0.233445 0 0 1
3,-2
-0.224024 0 0.974584 -0.0406821 0.233445 0 0 1
3,-1
-0.224024 0 0.974584 -0.0406821 0.233445 0 0 1
3,0
-0.224024 0 0.974584 -0.0406821 0.233445 0 0 1
3,1
-0.224024 0 0.974584 -0.0406821 0.233445 0 0 1
3,2
-0.224024 0 0.974584 -0.0406821 0.233445 0 0 1
3,3
-0.224024 0 0.974584 -0.0406821 0.233445 0 0 1
3,4
-0.224024 0 0.974584 -0.0406821 0.233445 0 0 1
3,5
-0.224024 0 0.974584 -0.0406821 0.233445 0 0 1
3,6
-0.224024 0 0.974584 -0.0406821 0.233445 0 0 1
3,7
-0.224024 0 0.974584 -0.0406821 0.233445 0 0 1
3,8
-0.224024 0 0.974584 -0.0406821 0.233445 0 0 1
3,9
-0.224024 0 0.974584 -0.0406821 0.233445 0 0 1
4,-10
-0.167347 0 0.985898 -0.0932807 0.309017 0 0 1
4,-9
-0.167347 0 0.985898 -0.0932807 0.309017 0 0 1
4,-8
-0.167347 0 0.985898 -0.0932807 0.309017 0 0 1
4,-7
-0.167347 0 0.985898 -0.0932807 0.309017 0 0 1
4,-6
-0.167347 0 0.985898 -0.0932807 0.309017 0 0 1
4,-5
-0.167347 0 0.985898 -0.0932807 0.309017 0 0 1
4,-4
-0.167347 0 0.985898 -0.0932807 0.309017 0 0 1
4,-3
-0.167347 0 0.985898 -0.0932807 0.309017 0 0 1
4,-2
-0.167347 0 0.985898 -0.0932807 0.309017 0 0 1
4,-1
-0.167347 0 0.985898 -0.0932807 0.309017 0 0 1
4,0
-0.167347 0 0.985898 -0.0932807 0.309017 0 0 1
4,1
-0.167347 0 0.985898 -0.0932807 0.309017 0 0 1
4,2
-0.167347 0 0.985898 -0.0932807 0.309017 0 0 1
4,3
-0.167347 0 0.985898 -0.0932807 0.309017 0 0 1
4,4
-0.167347 0 0.985898 -0.0932807 0.309017 0 0 1
4,5
-0.167347 0 0.985898 -0.0932807 0.309017 0 0 1
4,6
-0.167347 0 0.985898 -0.0932807 0.309017 0 0 1
4,7
-0.167347 0 0.985898 -0.0932807 0.309017 0 0 1
4,8
-0.167347 0 0.985898 -0.0932807 0.309017 0 0 1
4,9
-0.167347 0 0.985898 -0.0932807 0.309017 0 0 1
5,-10
-0.0985789 0 0.995129 -0.173457 0.382683 0 0 1
5,-9
-0.0985789 0 0.995129 -0.173457 0.382683 0 0 1
5,-8
-0.0985789 0 0.995129 -0.173457 0.382683 0 0 1
5,-7
-0.0985789 0 0.995129 -0.173457 0.382683 0 0 1
5,-6
-0.0985789 0 0.995129 -0.173457 0.382683 0 0 1
5,-5
-0.0985789 0 0.995129 -0.173457 0.382683 0 0 1
5,-4
-0.0985789 0 0.995129 -0.173457 0.382683 0 0 1
5,-3
-0.0985789 0 0.995129 -0.173457 0.382683 0 0 1
5,-2
-0.0985789 0 0.995129 -0.173457 0.382683 0 0 1
5,-1
-0.0985789 0 0.995129 -0.173457 0.382683 0 0 1
5,0
-0.0985789 0 0.995129 -0.173457 0.382683 0 0 1
5,1
-0.0985789 0 0.995129 -0.173457 0.382683 0 0 1
5,2
-0.0985789 0 0.995129 -0.173457 0.382683 0 0 1
5,3
-0.0985789 0 0.995129 -0.173457 0.382683 0 0 1
5,4
-0.0985789 0 0.995129 -0.173457 0.382683 0 0 1
5,5
-0.0985789 0 0.995129 -0.173457 0.382683 0 0 1
5,6
-0.0985789 0 0.995129 -0.173457 0.382683 0 0 1
5,7
-0.0985789 0 0.995129 -0.173457 0.382683 0 0 1
5,8
-0.0985789 0 0.995129 -0.173457 0.382683 0 0 1
5,9
-0.0985789 0 0.995129 -0.173457 0.382683 0 0 1
6,-10
-0.0222173 0 0.999753 -0.279969 0.453991 0 0 1
6,-9
-0.0222173 0 0.999753 -0.279969 0.453991 0 0 1
6,-8
-0.0222173 0 0.999753 -0.279969 0.453991 0 0 1
6,-7
-0.0222173 0 0.999753 -0.279969 0.453991 0 0 1
6,-6
-0.0222173 0 0.999753 -0.279969 0.453991 0 0 1
6,-5
-0.0222173 0 0.999753 -0.279969 0.453991 0 0 1
6,-4
-0.0222173 0 0.999753 -0.279969 0.453991 0 0 1
6,-3
-0.0222173 0 0.999753 -0.279969 0.453991 0 0 1
6,-2
-0.0222173 0 0.999753 -0.279969 0.453991 0 0 1
6,-1
-0.0222173 0 0.999753 -0.279969 0.453991 0 0 1
6,0
-0.0222173 0 0.999753 -0.279969 0.453991 0 0 1
6,1
-0.0222173 0 0.999753 -0.279969 0.453991 0 0 1
6,2
-0.0222173 0 0.999753 -0.279969 0.453991 0 0 1
6,3
-0.0222173 0 0.999753 -0.279969 0.453991 0 0 1
6,4
-0.0222173 0 0.999753 -0.279969 0.453991 0 0 1
6,5
-0.0222173 0 0.999753 -0.279969 0.453991 0 0 1
6,6
-0.0222173 0 0.999753 -0.279969 0.453991 0 0 1
6,7
-0.0222173 0 0.999753 -0.279969 0.453991 0 0 1
6,8
-0.0222173 0 0.999753 -0.279969 0.453991 0 0 1
6,9
-0.0222173 0 0.999753 -0.279969 0.453991 0 0 1
7,-10
0.0559101 0 0.998436 -0.406487 0.522499 0 0 1
7,-9
0.0559101 0 0.998436 -0.406487 0.522499 0 0 1
7,-8
0.0559101 0 0.998436 -0.406487 0.522499 0 0 1
7,-7
0.0559101 0 0.998436 -0.406487 0.522499 0 0 1
7,-6
0.0559101 0 0.998436 -0.406487 0.522499 0 0 1
7,-5
0.0559101 0 0.998436 -0.406487 0.522499 0 0 1
7,-4
0.0559101 0 0.998436 -0.406487 0.522499 0 0 1
7,-3
0.0559101 0 0.998436 -0.406487 0.522499 0 0 1
7,-2
0.0559101 0 0.998436 -0.406487 0.522499 0 0 1
7,-1
0.0559101 0 0.998436 -0.406487 0.522499 0 0 1
7,0
0.0559101 0 0.998436 -0.406487 0.522499 0 0 1
7,1
0.0559101 0 0.998436 -0.406487 0.522499 0 0 1
7,2
0.0559101 0 0.998436 -0.406487 0.522499 0 0 1
7,3
0.0559101 0 0.998436 -0.406487 0.522499 0 0 1
7,4
0.0559101 0 0.998436 -0.406487 0.522499 0 0 1
7,5
0.0559101 0 0.998436 -0.406487 0.522499 0 0 1
7,6
0.0559101 0 0.998436 -0.406487 0.522499 0 0 1
7,7
0.0559101 0 0.998436 -0.406487 0.522499 0 0 1
7,8
0.0559101 0 0.998436 -0.406487 0.522499 0 0 1
7,9
0.0559101 0 0.998436 -0.406487 0.522499 0 0 1
8,-10
0.129633 0 0.991562 -0.54252 0.587785 0 0 1
8,-9
0.129633 0 0.991562 -0.54252 0.587785 0 0 1
8,-8
0.129633 0 0.991562 -0.54252 0.587785 0 0 1
8,-7
0.129633 0 0.991562 -0.54252 0.587785 0 0 1
8,-6
0.129633 0 0.991562 -0.54252 0.587785 0 0 1
8,-5
0.129633 0 0.991562 -0.54252 0.587785 0 0 1
8,-4
0.129633 0 0.991562 -0.54252 0.587785 0 0 1
8,-3
0.129633 0 0.991562 -0.54252 0.587785 0 0 1
8,-2
0.129633 0 0.991562 -0.54252 0.587785 0 0 1
8,-1
0.129633 0 0.991562 -0.54252 0.587785 0 0 1
8,0
0.129633 0 0.991562 -0.54252 0.587785 0 0 1
8,1
0.129633 0 0.991562 -0.54252 0.587785 0 0 1
8,2
0.129633 0 0.991562 -0.54252 0.587785 0 0 1
8,3
0.129633 0 0.991562 -0.54252 0.587785 0 0 1
8,4
0.129633 0 0.991562 -0.54252 0.587785 0 0 1
8,5
0.129633 0 0.991562 -0.54252 0.587785 0 0 1
8,6
0.129633 0 0.991562 -0.54252 0.587785 0 0 1
8,7
0.129633 0 0.991562 -0.54252 0.587785 0 0 1
8,8
0.129633 0 0.991562 -0.54252 0.587785 0 0 1
8,9
0.129633 0 0.991562 -0.54252 0.587785 0 0 1
9,-10
0.193612 0 0.981078 -0.675442 0.649448 0 0 1
9,-9
0.193612 0 0.981078 -0.675442 0.649448 0 0 1
9,-8
0.193612 0 0.981078 -0.675442 0.649448 0 0 1
9,-7
0.193612 0 0.981078 -0.675442 0.649448 0 0 1
9,-6
0.193612 0 0.981078 -0.675442 0.649448 0 0 1
9,-5
0.193612 0 0.981078 -0.675442 0.649448 0 0 1
9,-4
0.193612 0 0.981078 -0.675442 0.649448 0 0 1
9,-3
0.193612 0 0.981078 -0.675442 0.649448 0 0 1
9,-2
0.193612 0 0.981078 -0.675442 0.649448 0 0 1
9,-1
0.193612 0 0.981078 -0.675442 0.649448 0 0 1
9,0
0.193612 0 0.981078 -0.675442 0.649448 0 0 1
9,1
0.193612 0 0.981078 -0.675442 0.649448 0 0 1
9,2
0.193612 0 0.981078 -0.675442 0.649448 0 0 1
9,3
0.193612 0 0.981078 -0.675442 0.649448 0 0 1
9,4
0.193612 0 0.981078 -0.675442 0.649448 0 0 1
9,5
0.193612 0 0.981078 -0.675442 0.649448 0 0 1
9,6
0.193612 0 0.981078 -0.675442 0.649448 0 0 1
9,7
0.193612 0 0.981078 -0.675442 0.649448 0 0 1
9,8
0.193612 0 0.981078 -0.675442 0.649448 0 0 1
9,9
0.193612 0 0.981078 -0.675442 0.649448 0 0 1
10,-10
0.244075 0 0.969756 -0.792516 0.707107 0 0 1
10,-9
0.244075 0 0.969756 -0.792516 0.707107 0 0 1
10,-8
0.244075 0 0.969756 -0.792516 0.707107 0 0 1
10,-7
0.244075 0 0.969756 -0.792516 0.707107 0 0 1
10,-6
0.244075 0 0.969756 -0.792516 0.707107 0 0 1
10,-5
0.244075 0 0.969756 -0.792516 0.707107 0 0 1
10,-4
0.244075 0 0.969756 -0.792516 0.707107 0 0 1
10,-3
0.244075 0 0.969756 -0.792516 0.707107 0 0 1
10,-2
0.244075 0 0.969756 -0.792516 0.707107 0 0 1
10,-1
0.244075 0 0.969756 -0.792516 0.707107 0 0 1
10,0
0.244075 0 0.969756 -0.792516 0.707107 0 0 1
10,1
0.244075 0 0.969756 -0.792516 0.707107 0 0 1
10,2
0.244075 0 0.969756 -0.792516 0.707107 0 0 1
10,3
0.244075 0 0.969756 -0.792516 0.707107 0 0 1
10,4
0.244075 0 0.969756 -0.792516 0.707107 0 0 1
10,5
0.244075 0 0.969756 -0.792516 0.707107 0 0 1
10,6
0.244075 0 0.969756 -0.792516 0.707107 0 0 1
10,7
0.244075 0 0.969756 -0.792516 0.707107 0 0 1
10,8
0.244075 0 0.969756 -0.792516 0.707107 0 0 1
10,9
0.244075 0 0.969756 -0.792516 0.707107 0 0 1
11,-10
0.278859 0 0.960332 -0.882009 0.760406 0 0 1
11,-9
0.278859 0 0.960332 -0.882009 0.760406 0 0 1
11,-8
0.278859 0 0.960332 -0.882009 0.760406 0 0 1
11,-7
0.278859 0 0.960332 -0.882009 0.760406 0 0 1
11,-6
0.278859 0 0.960332 -0.882009 0.760406 0 0 1
11,-5
0.278859 0 0.960332 -0.882009 0.760406 0 0 1
11,-4
0.278859 0 0.960332 -0.882009 0.760406 0 0 1
11,-3
0.278859 0 0.960332 -0.882009 0.760406 0 0 1
11,-2
0.278859 0 0.960332 -0.882009 0.760406 0 0 1
11,-1
0.278859 0 0.960332 -0.882009 0.760406 0 0 1
11,0
0.278859 0 0.960332 -0.882009 0.760406 0 0 1
11,1
0.278859 0 0.960332 -0.882009 0.760406 0 0 1
11,2
0.278859 0 0.960332 -0.882009 0.760406 0 0 1
11,3
0.278859 0 0.960332 -0.882009 0.760406 0 0 1
11,4
0.278859 0 0.960332 -0.882009 0.760406 0 0 1
11,5
0.278859 0 0.960332 -0.882009 0.760406 0 0 1
11,6
0.278859 0 0.960332 -0.882009 0.760406 0 0 1
11,7
0.278859 0 0.960332 -0.882009 0.760406 0 0 1
11,8
0.278859 0 0.960332 -0.882009 0.760406 0 0 1
11,9
0.278859 0 0.960332 -0.882009 0.760406 0 0 1
12,-10
0.296983 0 0.954883 -0.933283 0.809017 0 0 1
12,-9
0.296983 0 0.954883 -0.933283 0.809017 0 0 1
12,-8
0.296983 0 0.954883 -0.933283 0.809017 0 0 1
12,-7
0.296983 0 0.954883 -0.933283 0.809017 0 0 1
12,-6
0.296983 0 0.954883 -0.933283 0.809017 0 0 1
12,-5
0.296983 0 0.954883 -0.933283 0.809017 0 0 1
12,-4
0.296983 0 0.954883 -0.933283 0.809017 0 0 1
12,-3
0.296983 0 0.954883 -0.933283 0.809017 0 0 1
12,-2
0.296983 0 0.954883 -0.933283 0.809017 0 0 1
12,-1
0.296983 0 0.954883 -0.933283 0.809017 0 0 1
12,0
0.296983 0 0.954883 -0.933283 0.809017 0 0 1
12,1
0.296983 0 0.954883 -0.933283 0.809017 0 0 1
12,2
0.296983 0 0.954883 -0.933283 0.809017 0 0 1
12,3
0.296983 0 0.954883 -0.933283 0.809017 0 0 1
12,4
0.296983 0 0.954883 -0.933283 0.809017 0 0 1
12,5
0.296983 0 0.954883 -0.933283 0.809017 0 0 1
12,6
0.296983 0 0.954883 -0.933283 0.809017 0 0 1
12,7
0.296983 0 0.954883 -0.933283 0.809017 0 0 1
12,8
0.296983 0 0.954883 -0.933283 0.809017 0 0 1
12,9
0.296983 0 0.954883 -0.933283 0.809017 0 0 1
13,-10
0.298114 0 0.95453 -0.936426 0.85264 0 0 1
13,-9
0.298114 0 0.95453 -0.936426 0.85264 0 0 1
13,-8
0.298114 0 0.95453 -0.936426 0.85264 0 0 1
13,-7
0.298114 0 0.95453 -0.936426 0.85264 0 0 1
13,-6
0.298114 0 0.95453 -0.936426 0.85264 0 0 1
13,-5
0.298114 0 0.95453 -0.936426 0.85264 0 0 1
13,-4
0.298114 0 0.95453 -0.936426 0.85264 0 0 1
13,-3
0.298114 0 0.95453 -0.936426 0.85264 0 0 1
13,-2
0.298114 0 0.95453 -0.936426 0.85264 0 0 1
13,-1
0.298114 0 0.95453 -0.936426 0.85264 0 0 1
13,0
0.298114 0 0.95453 -0.936426 0.85264 0 0 1
13,1
0.298114 0 0.95453 -0.936426 0.85264 0 0 1
13,2
0.298114 0 0.95453 -0.936426 0.85264 0 0 1
13,3
0.298114 0 0.95453 -0.936426 0.85264 0 0 1
13,4
0.298114 0 0.95453 -0.936426 0.85264 0 0 1
13,5
0.298114 0 0.95453 -0.936426 0.85264 0 0 1
13,6
0.298114 0 0.95453 -0.936426 0.85264 0 0 1
13,7
0.298114 0 0.95453 -0.936426 0.85264 0 0 1
13,8
0.298114 0 0.95453 -0.936426 0.85264 0 0 1
13,9
0.298114 0 0.95453 -0.936426 0.85264 0 0 1
14,-10
0.282236 0 0.959345 -0.882104 0.891007 0 0 1
14,-9
0.282236 0 0.959345 -0.882104 0.891007 0 0 1
14,-8
0.282236 0 0.959345 -0.882104 0.891007 0 0 1
14,-7
0.282236 0 0.959345 -0.882104 0.891007 0 0 1
14,-6
0.282236 0 0.959345 -0.882104 0.891007 0 0 1
14,-5
0.282236 0 0.959345 -0.882104 0.891007 0 0 1
14,-4
0.282236 0 0.959345 -0.882104 0.891007 0 0 1
14,-3
0.282236 0 0.959345 -0.882104 0.891007 0 0 1
14,-2
0.282236 0 0.959345 -0.882104 0.891007 0 0 1
14,-1
0.282236 0 0.959345 -0.882104 0.891007 0 0 1
14,0
0.282236 0 0.959345 -0.882104 0.891007 0 0 1
14,1
0.282236 0 0.959345 -0.882104 0.891007 0 0 1
14,2
0.282236 0 0.959345 -0.882104 0.891007 0 0 1
14,3
0.282236 0 0.959345 -0.882104 0.891007 0 0 1
14,4
0.282236 0 0.959345 -0.882104 0.891007 0 0 1
14,5
0.282236 0 0.959345 -0.882104 0.891007 0 0 1
14,6
0.282236 0 0.959345 -0.882104 0.891007 0 0 1
14,7
0.282236 0 0.959345 -0.882104 0.891007 0 0 1
14,8
0.282236 0 0.959345 -0.882104 0.891007 0 0 1
14,9
0.282236 0 0.959345 -0.882104 0.891007 0 0 1
15,-10
0.249625 0 0.968342 -0.762219 0.92388 0 0 1
15,-9
0.249625 0 0.968342 -0.762219 0.92388 0 0 1
15,-8
0.249625 0 0.968342 -0.762219 0.92388 0 0 1
15,-7
0.249625 0 0.968342 -0.762219 0.92388 0 0 1
15,-6
0.249625 0 0.968342 -0.762219 0.92388 0 0 1
15,-5
0.249625 0 0.968342 -0.762219 0.92388 0 0 1
15,-4
0.249625 0 0.968342 -0.762219 0.92388 0 0 1
15,-3
0.249625 0 0.968342 -0.762219 0.92388 0 0 1
15,-2
0.249625 0 0.968342 -0.762219 0.92388 0 0 1
15,-1
0.249625 0 0.968342 -0.762219 0.92388 0 0 1
15,0
0.249625 0 0.968342 -0.762219 0.92388 0 0 1
15,1
0.249625 0 0.968342 -0.762219 0.92388 0 0 1
15,2
0.249625 0 0.968342 -0.762219 0.92388 0 0 1
15,3
0.249625 0 0.968342 -0.762219 0.92388 0 0 1
15,4
0.249625 0 0.968342 -0.762219 0.92388 0 0 1
15,5
0.249625 0 0.968342 -0.762219 0.92388 0 0 1
15,6
0.249625 0 0.968342 -0.762219 0.92388 0 0 1
15,7
0.249625 0 0.968342 -0.762219 0.92388 0 0 1
15,8
0.249625 0 0.968342 -0.762219 0.92388 0 0 1
15,9
0.249625 0 0.968342 -0.762219 0.92388 0 0 1
16,-10
0.201151 0 0.97956 -0.571707 0.951057 0 0 1
16,-9
0.201151 0 0.97956 -0.571707 0.951057 0 0 1
16,-8
0.201151 0 0.97956 -0.571707 0.951057 0 0 1
16,-7
0.201151 0 0.97956 -0.571707 0.951057 0 0 1
16,-6
0.201151 0 0.97956 -0.571707 0.951057 0 0 1
16,-5
0.201151 0 0.97956 -0.571707 0.951057 0 0 1
16,-4
0.201151 0 0.97956 -0.571707 0.951057 0 0 1
16,-3
0.201151 0 0.97956 -0.571707 0.951057 0 0 1
16,-2
0.201151 0 0.97956 -0.571707 0.951057 0 0 1
16,-1
0.201151 0 0.97956 -0.571707 0.951057 0 0 1
16,0
0.201151 0 0.97956 -0.571707 0.951057 0 0 1
16,1
0.201151 0 0.97956 -0.571707 0.951057 0 0 1
16,2
0.201151 0 0.97956 -0.571707 0.951057 0 0 1
16,3
0.201151 0 0.97956 -0.571707 0.951057 0 0 1
16,4
0.201151 0 0.97956 -0.571707 0.951057 0 0 1
16,5
0.201151 0 0.97956 -0.571707 0.951057 0 0 1
16,6
0.201151 0 0.97956 -0.571707 0.951057 0 0 1
16,7
0.201151 0 0.97956 -0.571707 0.951057 0 0 1
16,8
0.201151 0 0.97956 -0.571707 0.951057 0 0 1
16,9
0.201151 0 0.97956 -0.571707 0.951057 0 0 1
17,-10
0.138786 0 0.990322 -0.311393 0.97237 0 0 1
17,-9
0.138786 0 0.990322 -0.311393 0.97237 0 0 1
17,-8
0.138786 0 0.990322 -0.311393 0.97237 0 0 1
17,-7
0.138786 0 0.990322 -0.311393 0.97237 0 0 1
17,-6
0.138786 0 0.990322 -0.311393 0.97237 0 0 1
17,-5
0.138786 0 0.990322 -0.311393 0.97237 0 0 1
17,-4
0.138786 0 0.990322 -0.311393 0.97237 0 0 1
17,-3
0.138786 0 0.990322 -0.311393 0.97237 0 0 1
17,-2
0.138786 0 0.990322 -0.311393 0.97237 0 0 1
17,-1
0.138786 0 0.990322 -0.311393 0.97237 0 0 1
17,0
0.138786 0 0.990322 -0.311393 0.97237 0 0 1
17,1
0.138786 0 0.990322 -0.311393 0.97237 0 0 1
17,2
0.138786 0 0.990322 -0.311393 0.97237 0 0 1
17,3
0.138786 0 0.990322 -0.311393 0.97237 0 0 1
17,4
0.138786 0 0.990322 -0.311393 0.97237 0 0 1
17,5
0.138786 0 0.990322 -0.311393 0.97237 0 0 1
17,6
0.138786 0 0.990322 -0.311393 0.97237 0 0 1
17,7
0.138786 0 0.990322 -0.311393 0.97237 0 0 1
17,8
0.138786 0 0.990322 -0.311393 0.97237 0 0 1
17,9
0.138786 0 0.990322 -0.311393 0.97237 0 0 1
18,-10
0.0660787 0 0.997814 0.00907472 0.987688 0 0 1
18,-9
0.0660787 0 0.997814 0.00907472 0.987688 0 0 1
18,-8
0.0660787 0 0.997814 0.00907472 0.987688 0 0 1
18,-7
0.0660787 0 0.997814 0.00907472 0.987688 0 0 1
18,-6
0.0660787 0 0.997814 0.00907472 0.987688 0 0 1
18,-5
0.0660787 0 0.997814 0.00907472 0.987688 0 0 1
18,-4
0.0660787 0 0.997814 0.00907472 0.987688 0 0 1
18,-3
0.0660787 0 0.997814 0.00907472 0.987688 0 0 1
18,-2
0.0660787 0 0.997814 0.00907472 0.987688 0 0 1
18,-1
0.0660787 0 0.997814 0.00907472 0.987688 0 0 1
18,0
0.0660787 0 0.997814 0.00907472 0.987688 0 0 1
18,1
0.0660787 0 0.997814 0.00907472 0.987688 0 0 1
18,2
0.0660787 0 0.997814 0.00907472 0.987688 0 0 1
18,3
0.0660787 0 0.997814 0.00907472 0.987688 0 0 1
18,4
0.0660787 0 0.997814 0.00907472 0.987688 0 0 1
18,5
0.0660787 0 0.997814 0.00907472 0.987688 0 0 1
18,6
0.0660787 0 0.997814 0.00907472 0.987688 0 0 1
18,7
0.0660787 0 0.997814 0.00907472 0.987688 0 0 1
18,8
0.0660787 0 0.997814 0.00907472 0.987688 0 0 1
18,9
0.0660787 0 0.997814 0.00907472 0.987688 0 0 1
19,-10
-0.0118122 0 0.99993 0.370023 0.996917 0 0 1
19,-9
-0.0118122 0 0.99993 0.370023 0.996917 0 0 1
19,-8
-0.0118122 0 0.99993 0.370023 0.996917 0 0 1
19,-7
-0.0118122 0 0.99993 0.370023 0.996917 0 0 1
19,-6
-0.0118122 0 0.99993 0.370023 0.996917 0 0 1
19,-5
-0.0118122 0 0.99993 0.370023 0.996917 0 0 1
19,-4
-0.0118122 0 0.99993 0.370023 0.996917 0 0 1
19,-3
-0.0118122 0 0.99993 0.370023 0.996917 0 0 1
19,-2
-0.0118122 0 0.99993 0.370023 0.996917 0 0 1
19,-1
-0.0118122 0 0.99993 0.370023 0.996917 0 0 1
19,0
-0.0118122 0 0.99993 0.370023 0.996917 0 0 1
19,1
-0.0118122 0 0.99993 0.370023 0.996917 0 0 1
19,2
-0.0118122 0 0.99993 0.370023 0.996917 0 0 1
19,3
-0.0118122 0 0.99993 0.370023 0.996917 0 0 1
19,4
-0.0118122 0 0.99993 0.370023 0.996917 0 0 1
19,5
-0.0118122 0 0.99993 0.370023 0.996917 0 0 1
19,6
-0.0118122 0 0.99993 0.370023 0.996917 0 0 1
19,7
-0.0118122 0 0.99993 0.370023 0.996917 0 0 1
19,8
-0.0118122 0 0.99993 0.370023 0.996917 0 0 1
19,9
-0.0118122 0 0.99993 0.370023 0.996917 0 0 1
