7.42101 -7.48987 0.393474
7.41927 -7.48909 0.393362
7.41742 -7.48826 0.393244
7.41547 -7.48738 0.393121
7.41342 -7.48645 0.392994
7.41126 -7.48547 0.392863
7.409 -7.48444 0.392729
7.40663 -7.48336 0.392593
7.40416 -7.48223 0.392455
7.40158 -7.48106 0.392316
7.39889 -7.47983 0.392176
7.3961 -7.47855 0.392037
7.39319 -7.47723 0.391899
7.39019 -7.47585 0.391763
7.38707 -7.47442 0.391629
7.38384 -7.47294 0.391498
7.3805 -7.47141 0.39137
7.37705 -7.46982 0.391247
7.37349 -7.46819 0.391129
7.36982 -7.4665 0.391017
7.36604 -7.46477 0.390911
7.36214 -7.46298 0.390812
7.35813 -7.46114 0.390721
7.35401 -7.45924 0.390638
7.34977 -7.4573 0.390565
7.34542 -7.4553 0.390501
7.34095 -7.45325 0.390447
7.33637 -7.45114 0.390405
7.33166 -7.44898 0.390374
7.32685 -7.44677 0.390356
7.32191 -7.44451 0.39035
7.31686 -7.44219 0.390359
7.31169 -7.43981 0.390382
7.30639 -7.43739 0.390417
7.30098 -7.4349 0.390464
7.29545 -7.43236 0.39052
7.28979 -7.42977 0.390583
7.28401 -7.42711 0.390651
7.27811 -7.4244 0.390723
7.27208 -7.42162 0.390796
7.26592 -7.41879 0.390867
7.25963 -7.41589 0.390937
7.25322 -7.41294 0.391001
7.24667 -7.40991 0.391059
7.24 -7.40683 0.391109
7.23319 -7.40368 0.391147
7.22625 -7.40046 0.391174
7.21917 -7.39718 0.391186
7.21196 -7.39383 0.391181
7.20461 -7.39041 0.391158
7.19713 -7.38692 0.391115
7.18951 -7.38336 0.391049
7.18174 -7.37974 0.390959
7.17384 -7.37604 0.390843
7.1658 -7.37226 0.390698
7.15761 -7.36842 0.390524
7.14928 -7.36449 0.390317
7.14081 -7.3605 0.390076
7.13219 -7.35643 0.389799
7.12342 -7.35228 0.389486
7.11451 -7.34805 0.389138
7.10545 -7.34374 0.388756
7.09624 -7.33936 0.388341
7.08689 -7.33489 0.387895
7.07739 -7.33035 0.387418
7.06774 -7.32572 0.386912
7.05795 -7.321 0.386378
7.048 -7.31621 0.385816
7.03792 -7.31132 0.385229
7.02768 -7.30635 0.384617
7.01729 -7.3013 0.383981
7.00676 -7.29615 0.383323
6.99608 -7.29092 0.382644
6.98525 -7.2856 0.381944
6.97427 -7.28018 0.381225
6.96314 -7.27468 0.380488
6.95187 -7.26908 0.379735
6.94044 -7.26339 0.378966
6.92887 -7.25761 0.378183
6.91715 -7.25173 0.37739
6.90529 -7.24576 0.376591
6.8933 -7.23971 0.375791
6.88117 -7.23357 0.374994
6.86892 -7.22734 0.374203
6.85654 -7.22104 0.373424
6.84404 -7.21465 0.372659
6.83143 -7.20818 0.371915
6.81871 -7.20164 0.371193
6.80588 -7.19502 0.3705
6.79295 -7.18834 0.369839
6.77993 -7.18158 0.369213
6.7668 -7.17475 0.368629
6.75359 -7.16786 0.368088
6.7403 -7.1609 0.367597
6.72692 -7.15388 0.367158
6.71347 -7.1468 0.366777
6.69994 -7.13966 0.366457
6.68635 -7.13246 0.366202
6.67269 -7.12521 0.366004
6.65895 -7.11789 0.365851
6.64514 -7.11052 0.36573
6.63125 -7.10308 0.365625
6.61728 -7.09557 0.365525
6.60322 -7.08798 0.365416
6.58908 -7.08033 0.365284
6.57484 -7.0726 0.365116
6.56051 -7.06479 0.364898
6.54609 -7.0569 0.364617
6.53156 -7.04893 0.364259
6.51692 -7.04087 0.363812
6.50218 -7.03272 0.36326
6.48733 -7.02447 0.362592
6.47236 -7.01614 0.361793
6.45728 -7.00771 0.360851
6.44208 -6.99917 0.359763
6.42676 -6.99055 0.358535
6.41134 -6.98183 0.357172
6.3958 -6.97301 0.355681
6.38016 -6.9641 0.354068
6.36442 -6.95511 0.352339
6.34858 -6.94602 0.3505
6.33264 -6.93684 0.348558
6.31661 -6.92758 0.346518
6.30048 -6.91823 0.344386
6.28427 -6.90879 0.342169
6.26798 -6.89927 0.339872
6.2516 -6.88967 0.337503
6.23514 -6.87999 0.335066
6.21861 -6.87023 0.332568
6.202 -6.86039 0.330015
6.18532 -6.85047 0.327415
6.16857 -6.84047 0.324776
6.15174 -6.83039 0.322109
6.13485 -6.82023 0.319421
6.11787 -6.80998 0.316722
6.10082 -6.79964 0.314021
6.08369 -6.78921 0.311328
6.06649 -6.77869 0.308651
6.04921 -6.76808 0.305999
6.03185 -6.75737 0.303382
6.01441 -6.74657 0.300809
5.99689 -6.73567 0.298289
5.97929 -6.72467 0.295828
5.96162 -6.71357 0.293426
5.94389 -6.70239 0.291077
5.92611 -6.69112 0.288778
5.90828 -6.67979 0.286522
5.89043 -6.66839 0.284307
5.87257 -6.65692 0.282127
5.85469 -6.64541 0.279979
5.83681 -6.63385 0.277856
5.81895 -6.62225 0.275756
5.80111 -6.61062 0.273673
5.78331 -6.59896 0.271602
5.76554 -6.58729 0.26954
5.74783 -6.5756 0.267482
5.73017 -6.5639 0.265421
5.71256 -6.55218 0.263353
5.695 -6.54045 0.261272
5.67749 -6.5287 0.259173
5.66003 -6.51695 0.25705
5.64263 -6.50517 0.254898
5.62528 -6.49338 0.252711
5.60798 -6.48158 0.250484
5.59074 -6.46977 0.248211
5.57354 -6.45794 0.245888
5.55641 -6.4461 0.243508
5.53933 -6.43424 0.241068
5.5223 -6.42237 0.23857
5.50532 -6.41048 0.23602
5.4884 -6.39858 0.233422
5.47152 -6.38667 0.230782
5.45469 -6.37474 0.228104
5.4379 -6.36279 0.225393
5.42116 -6.35083 0.222655
5.40445 -6.33885 0.219894
5.38779 -6.32686 0.217114
5.37117 -6.31485 0.214322
5.35458 -6.30283 0.211522
5.33803 -6.29078 0.208718
5.32151 -6.27872 0.205916
5.30503 -6.26664 0.203117
5.28858 -6.25455 0.200325
5.27216 -6.24243 0.197543
5.25577 -6.2303 0.194773
5.23942 -6.21815 0.192019
5.22309 -6.20598 0.189283
5.2068 -6.19379 0.186568
5.19054 -6.18157 0.183878
5.1743 -6.16934 0.181215
5.1581 -6.15709 0.178582
5.14193 -6.14482 0.175983
5.12578 -6.13253 0.173418
5.10966 -6.12022 0.170887
5.09357 -6.10788 0.168388
5.0775 -6.09552 0.165916
5.06146 -6.08315 0.163471
5.04544 -6.07075 0.16105
5.02944 -6.05833 0.15865
5.01347 -6.04588 0.156268
4.99751 -6.03342 0.153902
4.98157 -6.02093 0.151549
4.96565 -6.00842 0.149208
4.94975 -5.99589 0.146874
4.93386 -5.98334 0.144547
4.91799 -5.97076 0.142225
4.90213 -5.95817 0.13991
4.88629 -5.94555 0.137603
4.87046 -5.93292 0.135308
4.85464 -5.92026 0.133024
4.83883 -5.90759 0.130755
4.82303 -5.8949 0.128501
4.80725 -5.88219 0.126265
4.79147 -5.86947 0.124048
4.7757 -5.85673 0.121852
4.75995 -5.84398 0.119679
4.7442 -5.83122 0.117531
4.72845 -5.81844 0.115408
4.71272 -5.80565 0.113306
4.69699 -5.79285 0.11122
4.68126 -5.78004 0.109143
4.66554 -5.76721 0.107071
4.64983 -5.75438 0.104998
4.63412 -5.74153 0.102919
4.61841 -5.72867 0.100827
4.60271 -5.7158 0.0987167
4.58701 -5.70292 0.0965835
4.57131 -5.69003 0.0944214
4.55562 -5.67713 0.0922248
4.53992 -5.66422 0.0899884
4.52423 -5.6513 0.0877144
4.50853 -5.63836 0.0854135
4.49284 -5.62542 0.0830968
4.47714 -5.61246 0.0807755
4.46143 -5.5995 0.0784606
4.44573 -5.58652 0.0761633
4.43001 -5.57352 0.0738946
4.4143 -5.56052 0.0716658
4.39857 -5.5475 0.0694878
4.38284 -5.53446 0.0673719
4.3671 -5.52142 0.0653291
4.35135 -5.50835 0.0633705
4.33559 -5.49528 0.0615054
4.31982 -5.48218 0.0597336
4.30403 -5.46907 0.0580525
4.28824 -5.45595 0.0564597
4.27244 -5.4428 0.0549525
4.25663 -5.42964 0.0535283
4.2408 -5.41646 0.0521845
4.22497 -5.40326 0.0509185
4.20912 -5.39004 0.0497277
4.19326 -5.37681 0.0486096
4.1774 -5.36355 0.0475616
4.16152 -5.35027 0.046581
4.14563 -5.33697 0.0456653
4.12973 -5.32365 0.0448101
4.11382 -5.31031 0.0440095
4.0979 -5.29695 0.0432574
4.08197 -5.28357 0.0425478
4.06603 -5.27018 0.0418744
4.05008 -5.25677 0.0412313
4.03412 -5.24334 0.0406124
4.01815 -5.22991 0.0400115
4.00217 -5.21646 0.0394226
3.98618 -5.203 0.0388396
3.97018 -5.18953 0.0382563
3.95417 -5.17606 0.0376668
3.93815 -5.16257 0.0370664
3.92213 -5.14908 0.0364573
3.9061 -5.13558 0.0358439
3.89006 -5.12207 0.0352302
3.87402 -5.10855 0.0346206
3.85797 -5.09502 0.0340193
3.84192 -5.08147 0.0334304
3.82587 -5.06791 0.0328582
3.80981 -5.05433 0.0323068
3.79376 -5.04074 0.0317806
3.7777 -5.02713 0.0312838
3.76165 -5.01351 0.0308205
3.7456 -4.99986 0.0303948
3.72956 -4.98619 0.030008
3.71351 -4.97251 0.0296579
3.69747 -4.95881 0.0293423
3.68144 -4.94509 0.0290589
3.6654 -4.93137 0.0288054
3.64938 -4.91763 0.0285795
3.63335 -4.90387 0.028379
3.61734 -4.89012 0.0282015
3.60132 -4.87635 0.0280448
3.58532 -4.86258 0.0279066
3.56931 -4.8488 0.0277847
3.55332 -4.83502 0.0276767
3.53733 -4.82124 0.027582
3.52135 -4.80745 0.0275068
3.50537 -4.79367 0.0274596
3.48941 -4.77988 0.0274489
3.47346 -4.76609 0.0274829
3.45752 -4.7523 0.02757
3.44159 -4.73851 0.0277188
3.42568 -4.72472 0.0279375
3.40979 -4.71093 0.0282345
3.39391 -4.69713 0.0286183
3.37805 -4.68333 0.0290972
3.36221 -4.66953 0.0296797
3.3464 -4.65573 0.0303738
3.3306 -4.64193 0.0311801
3.31483 -4.62813 0.0320906
3.29908 -4.61433 0.0330968
3.28334 -4.60053 0.0341902
3.26763 -4.58673 0.0353625
3.25193 -4.57294 0.0366051
3.23626 -4.55915 0.0379095
3.2206 -4.54536 0.0392674
3.20495 -4.53159 0.0406703
3.18932 -4.51781 0.0421096
3.17371 -4.50405 0.043577
3.15811 -4.49029 0.045064
3.14253 -4.47654 0.0465646
3.12696 -4.4628 0.0480839
3.1114 -4.44907 0.0496305
3.09587 -4.43536 0.0512128
3.08035 -4.42166 0.0528391
3.06485 -4.40798 0.054518
3.04938 -4.39431 0.0562577
3.03392 -4.38067 0.0580669
3.01849 -4.36704 0.0599538
3.00309 -4.35344 0.0619269
2.98771 -4.33986 0.0639946
2.97235 -4.32631 0.0661654
2.95703 -4.31278 0.0684475
2.94174 -4.29928 0.0708426
2.92647 -4.28581 0.0733454
2.91123 -4.27236 0.0759501
2.89602 -4.25894 0.0786509
2.88083 -4.24555 0.0814422
2.86568 -4.23219 0.0843181
2.85054 -4.21886 0.087273
2.83544 -4.20555 0.0903009
2.82035 -4.19226 0.0933963
2.8053 -4.17901 0.0965532
2.79026 -4.16578 0.099766
2.77525 -4.15258 0.103029
2.76027 -4.1394 0.106337
2.7453 -4.12625 0.109685
2.73036 -4.11313 0.11307
2.71544 -4.10003 0.116489
2.70055 -4.08697 0.119938
2.68567 -4.07392 0.123413
2.67082 -4.06091 0.126911
2.65599 -4.04792 0.130428
2.64118 -4.03496 0.133961
2.6264 -4.02203 0.137505
2.61163 -4.00913 0.141058
2.59689 -3.99625 0.144616
2.58217 -3.9834 0.148175
2.56747 -3.97058 0.151738
2.55279 -3.95779 0.155309
2.53813 -3.94503 0.158897
2.5235 -3.93231 0.162509
2.5089 -3.91961 0.166152
2.49432 -3.90695 0.169832
2.47976 -3.89432 0.173558
2.46524 -3.88173 0.177335
2.45074 -3.86918 0.181171
2.43626 -3.85667 0.185073
2.42182 -3.84419 0.189048
2.40741 -3.83175 0.193103
2.39303 -3.81936 0.197243
2.37868 -3.80701 0.201465
2.36436 -3.79469 0.205763
2.35006 -3.7824 0.210132
2.3358 -3.77015 0.214566
2.32156 -3.75793 0.219058
2.30735 -3.74574 0.223604
2.29317 -3.73357 0.228197
2.27901 -3.72142 0.232832
2.26487 -3.70929 0.237503
2.25076 -3.69719 0.242204
2.23668 -3.68509 0.24693
2.22261 -3.67302 0.251674
2.20857 -3.66095 0.256434
2.19455 -3.64889 0.26121
2.18055 -3.63685 0.266001
2.16658 -3.62481 0.270806
2.15262 -3.61278 0.275627
2.13868 -3.60076 0.280463
2.12477 -3.58875 0.285312
2.11087 -3.57674 0.290177
2.09699 -3.56474 0.295055
2.08313 -3.55274 0.299947
2.06929 -3.54075 0.304853
2.05547 -3.52876 0.309773
2.04166 -3.51677 0.314706
2.02787 -3.50478 0.319657
2.0141 -3.4928 0.324627
2.00035 -3.48082 0.32962
1.98661 -3.46884 0.334641
1.9729 -3.45686 0.339691
1.9592 -3.44489 0.344774
1.94552 -3.43292 0.349895
1.93187 -3.42095 0.355055
1.91823 -3.40899 0.360259
1.90461 -3.39703 0.365509
1.89102 -3.38508 0.37081
1.87744 -3.37312 0.376164
1.86389 -3.36118 0.381572
1.85035 -3.34923 0.387028
1.83683 -3.33728 0.39253
1.82333 -3.32533 0.398074
1.80984 -3.31338 0.403654
1.79637 -3.30142 0.409268
1.78291 -3.28946 0.414912
1.76946 -3.27749 0.42058
1.75601 -3.26551 0.42627
1.74258 -3.25351 0.431976
1.72915 -3.24151 0.437696
1.71573 -3.22948 0.443425
1.70231 -3.21745 0.449159
1.6889 -3.20539 0.454898
1.67549 -3.19332 0.460642
1.66208 -3.18124 0.466391
1.64867 -3.16913 0.472145
1.63526 -3.15701 0.477904
1.62185 -3.14487 0.483667
1.60844 -3.13272 0.489435
1.59502 -3.12055 0.495208
1.58161 -3.10837 0.500986
1.56819 -3.09616 0.506769
1.55477 -3.08394 0.512556
1.54134 -3.07171 0.518349
1.52791 -3.05946 0.52415
1.51447 -3.04719 0.529966
1.50104 -3.03492 0.535805
1.48759 -3.02264 0.541675
1.47415 -3.01035 0.547582
1.46071 -2.99805 0.553533
1.44727 -2.98576 0.559538
1.43382 -2.97347 0.565601
1.42038 -2.96118 0.571732
1.40695 -2.9489 0.577937
1.39351 -2.93663 0.584223
1.38008 -2.92436 0.590598
1.36665 -2.91211 0.597068
1.35323 -2.89988 0.603626
1.3398 -2.88764 0.610265
1.32638 -2.87542 0.616977
1.31295 -2.8632 0.623753
1.29951 -2.85097 0.630586
1.28606 -2.83875 0.637468
1.27259 -2.82651 0.64439
1.25911 -2.81427 0.651344
1.24562 -2.80202 0.658323
1.2321 -2.78975 0.665317
1.21856 -2.77747 0.67232
1.205 -2.76516 0.679323
1.1914 -2.75284 0.686323
1.17779 -2.74049 0.693319
1.16414 -2.72812 0.700314
1.15047 -2.71573 0.707307
1.13676 -2.70332 0.714301
1.12303 -2.69089 0.721296
1.10928 -2.67844 0.728292
1.09549 -2.66597 0.735291
1.08168 -2.65348 0.742294
1.06784 -2.64097 0.749302
1.05397 -2.62844 0.756316
1.04007 -2.61589 0.763337
1.02615 -2.60332 0.770365
1.01219 -2.59074 0.777404
0.998207 -2.57814 0.784455
0.984192 -2.56552 0.791522
0.970146 -2.55289 0.798607
0.956069 -2.54024 0.805712
0.941961 -2.52758 0.81284
0.927821 -2.5149 0.819994
0.913648 -2.50222 0.827175
0.899442 -2.48952 0.834388
0.885203 -2.47682 0.841634
0.870929 -2.46411 0.848916
0.856622 -2.45138 0.856236
0.842279 -2.43866 0.863594
0.827901 -2.42592 0.870988
0.813488 -2.41317 0.878416
0.799038 -2.40041 0.885874
0.784553 -2.38764 0.89336
0.770031 -2.37486 0.900871
0.755472 -2.36206 0.908405
0.740876 -2.34925 0.915959
0.726242 -2.33642 0.923529
0.711571 -2.32357 0.931115
0.696861 -2.3107 0.938712
0.682113 -2.29782 0.946318
0.667326 -2.28491 0.953932
0.6525 -2.27198 0.961554
0.637635 -2.25903 0.969189
0.622732 -2.24607 0.97684
0.607789 -2.23309 0.984508
0.592807 -2.22009 0.992197
0.577786 -2.20708 0.999911
0.562725 -2.19406 1.00765
0.547626 -2.18103 1.01542
0.532487 -2.16798 1.02323
0.517308 -2.15493 1.03107
0.50209 -2.14187 1.03894
0.486832 -2.12881 1.04686
0.471535 -2.11573 1.05483
0.456197 -2.10265 1.06282
0.440819 -2.08956 1.07084
0.425399 -2.07645 1.07888
0.409938 -2.06333 1.08693
0.394434 -2.05019 1.09499
0.378888 -2.03702 1.10304
0.363298 -2.02384 1.11109
0.347665 -2.01062 1.11912
0.331988 -1.99738 1.12713
0.316266 -1.98411 1.1351
0.300499 -1.9708 1.14305
0.284686 -1.95747 1.15094
0.26883 -1.94409 1.15881
0.25293 -1.93069 1.16664
0.23699 -1.91726 1.17445
0.221009 -1.9038 1.18224
0.20499 -1.89033 1.19003
0.188933 -1.87683 1.19782
0.172841 -1.86331 1.20562
0.156715 -1.84978 1.21343
0.140556 -1.83624 1.22127
0.124366 -1.82269 1.22914
0.108146 -1.80914 1.23705
0.0918969 -1.79558 1.245
0.0756203 -1.78202 1.25301
0.0593158 -1.76845 1.26105
0.042983 -1.75487 1.26914
0.0266217 -1.74129 1.27726
0.0102317 -1.7277 1.2854
-0.00618722 -1.71409 1.29357
-0.0226353 -1.70047 1.30176
-0.0391129 -1.68683 1.30996
-0.05562 -1.67318 1.31817
-0.0721571 -1.65951 1.32638
-0.0887242 -1.64582 1.33459
-0.105322 -1.6321 1.34279
-0.12195 -1.61836 1.35099
-0.138608 -1.60459 1.35917
-0.155297 -1.5908 1.36735
-0.172015 -1.57699 1.37551
-0.188763 -1.56316 1.38368
-0.205541 -1.5493 1.39184
-0.222348 -1.53543 1.4
-0.239184 -1.52153 1.40815
-0.256049 -1.50762 1.41632
-0.272942 -1.49368 1.42448
-0.289864 -1.47973 1.43265
-0.306814 -1.46577 1.44083
-0.323792 -1.45178 1.44902
-0.340798 -1.43778 1.45721
-0.357831 -1.42377 1.46542
-0.37489 -1.40974 1.47363
-0.391977 -1.39569 1.48186
-0.409089 -1.38162 1.49009
-0.426227 -1.36754 1.49833
-0.443391 -1.35343 1.50658
-0.460579 -1.33931 1.51484
-0.477792 -1.32516 1.52311
-0.495029 -1.311 1.53138
-0.51229 -1.29681 1.53966
-0.529575 -1.28261 1.54794
-0.546882 -1.26838 1.55623
-0.564213 -1.25413 1.56452
-0.581567 -1.23985 1.57282
-0.598945 -1.22556 1.58111
-0.616348 -1.21124 1.5894
-0.633776 -1.1969 1.59768
-0.651229 -1.18253 1.60595
-0.668707 -1.16814 1.61421
-0.686211 -1.15373 1.62246
-0.703742 -1.1393 1.63069
-0.721299 -1.12484 1.63889
-0.738883 -1.11036 1.64708
-0.756494 -1.09586 1.65524
-0.774133 -1.08133 1.66337
-0.791798 -1.06678 1.67147
-0.809489 -1.0522 1.67954
-0.827205 -1.0376 1.68759
-0.844946 -1.02297 1.6956
-0.86271 -1.00831 1.70359
-0.880497 -0.993615 1.71154
-0.898307 -0.978894 1.71946
-0.916138 -0.964141 1.72734
-0.93399 -0.949355 1.73519
-0.951862 -0.934536 1.74301
-0.969754 -0.919682 1.75079
-0.987665 -0.904794 1.75853
-1.00559 -0.889872 1.76624
-1.02353 -0.87492 1.77391
-1.04147 -0.85994 1.78154
-1.05942 -0.844935 1.78914
-1.07736 -0.829907 1.7967
-1.09531 -0.814858 1.80423
-1.11324 -0.799792 1.81173
-1.13116 -0.78471 1.81918
-1.14907 -0.769616 1.82661
-1.16695 -0.754512 1.834
-1.18481 -0.7394 1.84136
-1.20265 -0.724283 1.84868
-1.22045 -0.709163 1.85597
-1.23822 -0.694038 1.86323
-1.25595 -0.67891 1.87046
-1.27365 -0.663778 1.87767
-1.29131 -0.648642 1.88486
-1.30893 -0.633501 1.89202
-1.3265 -0.618357 1.89917
-1.34403 -0.603208 1.9063
-1.36151 -0.588055 1.91342
-1.37895 -0.572898 1.92052
-1.39633 -0.557736 1.92762
-1.41366 -0.54257 1.93471
-1.43093 -0.527399 1.9418
-1.44815 -0.512225 1.94889
-1.46531 -0.497049 1.956
-1.48241 -0.481872 1.96315
-1.49944 -0.466697 1.97033
-1.51641 -0.451523 1.97757
-1.53331 -0.436353 1.98488
-1.55014 -0.421187 1.99226
-1.56691 -0.406028 1.99973
-1.58359 -0.390877 2.0073
-1.60021 -0.375734 2.01499
-1.61674 -0.360602 2.02279
-1.6332 -0.345482 2.03074
-1.64957 -0.330374 2.03883
-1.66586 -0.315277 2.04706
-1.68208 -0.300187 2.05543
-1.69822 -0.2851 2.06392
-1.71428 -0.270012 2.07253
-1.73027 -0.254921 2.08126
-1.7462 -0.239821 2.09009
-1.76205 -0.22471 2.09901
-1.77784 -0.209584 2.10801
-1.79357 -0.194439 2.1171
-1.80924 -0.179271 2.12625
-1.82484 -0.164077 2.13547
-1.84039 -0.148853 2.14474
-1.85589 -0.133595 2.15405
-1.87133 -0.118302 2.1634
-1.88672 -0.102972 2.17278
-1.90206 -0.0876045 2.18219
-1.91734 -0.0721988 2.19162
-1.93258 -0.056754 2.20106
-1.94776 -0.0412691 2.21051
-1.9629 -0.0257434 2.21996
-1.97799 -0.0101759 2.22941
-1.99304 0.00543417 2.23885
-2.00803 0.0210877 2.24827
-2.02298 0.0367855 2.25767
-2.03789 0.0525285 2.26704
-2.05275 0.0683156 2.27639
-2.06757 0.08414 2.2857
-2.08234 0.0999938 2.295
-2.09705 0.115869 2.30429
-2.11171 0.131757 2.31358
-2.12631 0.147651 2.32287
-2.14085 0.163541 2.33217
-2.15533 0.179421 2.34149
-2.16974 0.195282 2.35084
-2.18409 0.211117 2.36023
-2.19836 0.226916 2.36965
-2.21256 0.242673 2.37913
-2.22668 0.258379 2.38866
-2.24073 0.274033 2.39824
-2.2547 0.289636 2.40788
-2.2686 0.305192 2.41756
-2.28243 0.320703 2.42729
-2.2962 0.336172 2.43705
-2.30991 0.351601 2.44683
-2.32356 0.366994 2.45664
-2.33715 0.382352 2.46647
-2.35068 0.397678 2.47632
-2.36417 0.412975 2.48617
-2.3776 0.428246 2.49602
-2.39099 0.443493 2.50587
-2.40434 0.458718 2.51571
-2.41765 0.473923 2.52553
-2.43092 0.489108 2.53535
-2.44415 0.504275 2.54515
-2.45736 0.519424 2.55493
-2.47052 0.534557 2.56468
-2.48367 0.549673 2.57442
-2.49678 0.564776 2.58413
-2.50987 0.579864 2.5938
-2.52294 0.594939 2.60345
-2.53599 0.610003 2.61307
-2.54902 0.625055 2.62264
-2.56204 0.640098 2.63218
-2.57504 0.65513 2.64168
-2.58803 0.67015 2.65115
-2.60102 0.685157 2.66058
-2.61399 0.700149 2.66998
-2.62696 0.715125 2.67935
-2.63992 0.730083 2.68869
-2.65287 0.745022 2.69801
-2.66582 0.759941 2.7073
-2.67877 0.774837 2.71658
-2.69172 0.78971 2.72583
-2.70467 0.804559 2.73507
-2.71762 0.819381 2.7443
-2.73058 0.834176 2.75351
-2.74353 0.848944 2.76271
-2.7565 0.863689 2.77189
-2.76947 0.87841 2.78105
-2.78244 0.89311 2.79018
-2.79543 0.907789 2.79928
-2.80842 0.922449 2.80835
-2.82142 0.937093 2.81739
-2.83442 0.95172 2.82639
-2.84744 0.966333 2.83534
-2.86047 0.980933 2.84425
-2.87352 0.995522 2.85311
-2.88657 1.0101 2.86192
-2.89964 1.02467 2.87067
-2.91273 1.03924 2.87936
-2.92584 1.05381 2.88798
-2.93897 1.06838 2.89653
-2.95212 1.08296 2.90499
-2.9653 1.09754 2.91337
-2.97851 1.11215 2.92165
-2.99175 1.12677 2.92983
-3.00503 1.14141 2.93791
-3.01834 1.15607 2.94587
-3.0317 1.17077 2.95372
-3.04509 1.18549 2.96144
-3.05853 1.20025 2.96903
-3.07202 1.21504 2.97651
-3.08554 1.22986 2.98387
-3.09911 1.24471 2.99112
-3.11272 1.25959 2.99827
-3.12638 1.27448 3.00533
-3.14007 1.28939 3.01231
-3.15381 1.30432 3.01922
-3.16758 1.31927 3.02605
-3.1814 1.33422 3.03283
-3.19525 1.34918 3.03955
-3.20915 1.36415 3.04622
-3.22308 1.37913 3.05286
-3.23705 1.3941 3.05946
-3.25106 1.40907 3.06604
-3.26511 1.42404 3.07259
-3.2792 1.43901 3.07911
-3.29333 1.45397 3.08562
-3.3075 1.46893 3.09212
-3.32171 1.48388 3.0986
-3.33596 1.49882 3.10508
-3.35026 1.51376 3.11155
-3.3646 1.52868 3.11802
-3.37898 1.54358 3.1245
-3.39341 1.55847 3.13098
-3.40787 1.57335 3.13748
-3.42239 1.58821 3.14398
-3.43694 1.60305 3.1505
-3.45154 1.61788 3.15702
-3.46617 1.63269 3.16355
-3.48084 1.64748 3.17009
-3.49556 1.66226 3.17664
-3.5103 1.67701 3.18319
-3.52509 1.69175 3.18976
-3.53991 1.70647 3.19632
-3.55476 1.72117 3.20289
-3.56964 1.73585 3.20947
-3.58456 1.75051 3.21605
-3.59951 1.76515 3.22263
-3.61448 1.77977 3.22922
-3.62949 1.79437 3.2358
-3.64453 1.80896 3.24237
-3.65959 1.82353 3.24894
-3.67469 1.83807 3.2555
-3.68981 1.85261 3.26205
-3.70496 1.86713 3.26858
-3.72014 1.88163 3.2751
-3.73534 1.89611 3.28159
-3.75057 1.91058 3.28807
-3.76582 1.92504 3.29452
-3.7811 1.93948 3.30094
-3.7964 1.95391 3.30734
-3.81173 1.96833 3.31372
-3.82707 1.98273 3.32008
-3.84243 1.99712 3.32641
-3.85782 2.0115 3.33273
-3.87321 2.02586 3.33903
-3.88862 2.0402 3.34532
-3.90405 2.05453 3.3516
-3.91948 2.06885 3.35786
-3.93493 2.08315 3.36412
-3.95038 2.09744 3.37036
-3.96585 2.11172 3.37661
-3.98131 2.12598 3.38284
-3.99679 2.14023 3.38908
-4.01227 2.15446 3.39531
-4.02776 2.16869 3.40154
-4.04326 2.18291 3.40778
-4.05876 2.19712 3.41401
-4.07427 2.21133 3.42025
-4.08979 2.22553 3.42649
-4.10532 2.23973 3.43274
-4.12085 2.25392 3.439
-4.1364 2.26812 3.44526
-4.15195 2.28231 3.45153
-4.16751 2.2965 3.45782
-4.18307 2.3107 3.46411
-4.19864 2.32489 3.47041
-4.21419 2.33907 3.47671
-4.22974 2.35325 3.48302
-4.24528 2.36741 3.48933
-4.2608 2.38157 3.49565
-4.27629 2.3957 3.50196
-4.29176 2.40982 3.50828
-4.3072 2.42392 3.51459
-4.32261 2.43799 3.52089
-4.33798 2.45204 3.52719
-4.3533 2.46606 3.53349
-4.36858 2.48005 3.53977
-4.3838 2.49401 3.54604
-4.39897 2.50793 3.55228
-4.41407 2.52181 3.55849
-4.42911 2.53566 3.56466
-4.44408 2.54946 3.57079
-4.45897 2.56321 3.57687
-4.47378 2.57691 3.58289
-4.4885 2.59056 3.58885
-4.50314 2.60416 3.59474
-4.51768 2.6177 3.60056
-4.53212 2.63118 3.60629
-4.54646 2.6446 3.61194
-4.56069 2.65796 3.61752
-4.57482 2.67125 3.62304
-4.58885 2.68448 3.62852
-4.60276 2.69766 3.63397
-4.61657 2.71077 3.63942
-4.63028 2.72382 3.64487
-4.64387 2.73681 3.65034
-4.65736 2.74974 3.65585
-4.67074 2.7626 3.66141
-4.68402 2.77541 3.66704
-4.69718 2.78816 3.67274
-4.71023 2.80085 3.67855
-4.72317 2.81348 3.68447
-4.736 2.82605 3.69051
-4.74872 2.83856 3.69669
-4.76134 2.85103 3.70299
-4.77387 2.86345 3.70943
-4.78629 2.87583 3.716
-4.79863 2.88818 3.7227
-4.81088 2.90051 3.72954
-4.82304 2.9128 3.73652
-4.83513 2.92508 3.74364
-4.84714 2.93735 3.75089
-4.85908 2.94961 3.75829
-4.87095 2.96186 3.76583
-4.88276 2.97412 3.77351
-4.89452 2.98638 3.78134
-4.90621 2.99865 3.78931
-4.91786 3.01095 3.79744
-4.92945 3.02326 3.80571
-4.94101 3.0356 3.81412
-4.95252 3.04797 3.82266
-4.96399 3.06036 3.83131
-4.97541 3.07279 3.84005
-4.9868 3.08524 3.84886
-4.99815 3.09773 3.85772
-5.00946 3.11025 3.86663
-5.02074 3.1228 3.87555
-5.03198 3.13538 3.88448
-5.04319 3.148 3.89339
-5.05436 3.16066 3.90227
-5.0655 3.17335 3.9111
-5.07662 3.18609 3.91986
-5.0877 3.19886 3.92854
-5.09876 3.21167 3.93712
-5.10978 3.22452 3.94557
-5.12078 3.23742 3.95391
-5.13174 3.25035 3.96213
-5.14265 3.26332 3.97026
-5.15351 3.27632 3.9783
-5.16431 3.28935 3.98626
-5.17505 3.30242 3.99415
-5.1857 3.3155 4.00199
-5.19627 3.32861 4.00979
-5.20675 3.34174 4.01756
-5.21714 3.35489 4.02531
-5.22742 3.36806 4.03305
-5.23758 3.38124 4.04079
-5.24762 3.39443 4.04854
-5.25754 3.40763 4.05632
-5.26734 3.42083 4.0641
-5.27701 3.43404 4.07188
-5.28656 3.44724 4.07965
-5.296 3.46044 4.0874
-5.30532 3.47362 4.09512
-5.31453 3.4868 4.1028
-5.32363 3.49995 4.11043
-5.33262 3.51309 4.11801
-5.3415 3.5262 4.12551
-5.35028 3.53928 4.13294
-5.35895 3.55233 4.14028
-5.36753 3.56535 4.14753
-5.376 3.57832 4.15466
-5.38438 3.59126 4.16169
-5.39267 3.60415 4.16858
-5.40086 3.61699 4.17534
-5.40896 3.62977 4.18196
-5.41698 3.6425 4.18842
-5.4249 3.65517 4.19474
-5.43274 3.66779 4.20091
-5.44048 3.68034 4.20696
-5.44813 3.69284 4.21288
-5.45569 3.70529 4.21869
-5.46315 3.71768 4.22439
-5.47052 3.73001 4.23
-5.47779 3.74228 4.23551
-5.48496 3.7545 4.24093
-5.49203 3.76666 4.24628
-5.49901 3.77877 4.25157
-5.50588 3.79082 4.25679
-5.51266 3.80281 4.26196
-5.51932 3.81474 4.26708
-5.52589 3.82662 4.27217
-5.53235 3.83845 4.27723
-5.53871 3.85022 4.28227
-5.54496 3.86193 4.2873
-5.5511 3.87359 4.29231
-5.55716 3.8852 4.2973
-5.56312 3.89676 4.30225
-5.56901 3.90829 4.30717
-5.57483 3.91977 4.31205
-5.58058 3.93123 4.31687
-5.58628 3.94266 4.32164
-5.59193 3.95406 4.32633
-5.59754 3.96545 4.33096
-5.60312 3.97682 4.3355
-5.60868 3.98817 4.33996
-5.61422 3.99953 4.34432
-5.61975 4.01087 4.34858
-5.62528 4.02222 4.35273
-5.63082 4.03358 4.35677
-5.63637 4.04494 4.36068
-5.64194 4.05632 4.36446
-5.64755 4.06772 4.3681
-5.65319 4.07914 4.37159
-5.65888 4.09059 4.37494
-5.6646 4.10206 4.37815
-5.67037 4.11355 4.38123
-5.67617 4.12506 4.3842
-5.682 4.1366 4.38707
-5.68787 4.14815 4.38986
-5.69376 4.15973 4.39256
-5.69968 4.17132 4.3952
-5.70562 4.18292 4.39779
-5.71158 4.19454 4.40034
-5.71756 4.20618 4.40286
-5.72355 4.21782 4.40537
-5.72956 4.22948 4.40787
-5.73557 4.24115 4.41038
-5.74159 4.25282 4.41291
-5.74761 4.2645 4.41547
-5.75364 4.27619 4.41808
-5.75966 4.28788 4.42074
-5.76568 4.29958 4.42347
-5.77169 4.31127 4.42629
-5.77769 4.32297 4.4292
-5.78367 4.33467 4.43221
-5.78965 4.34637 4.43534
-5.7956 4.35806 4.4386
-5.80154 4.36975 4.44201
-5.80745 4.38144 4.44554
-5.81336 4.39314 4.44921
-5.81927 4.40486 4.453
-5.82518 4.4166 4.45689
-5.8311 4.42837 4.46089
-5.83704 4.44017 4.46497
-5.843 4.45202 4.46914
-5.849 4.46392 4.47337
-5.85503 4.47589 4.47766
-5.86111 4.48792 4.48201
-5.86724 4.50002 4.4864
-5.87343 4.5122 4.49081
-5.87969 4.52448 4.49525
-5.88601 4.53684 4.49971
-5.89242 4.54932 4.50416
-5.89891 4.5619 4.50861
-5.9055 4.5746 4.51304
-5.91218 4.58742 4.51744
-5.91898 4.60038 4.52181
-5.92588 4.61347 4.52614
-5.93288 4.6267 4.53042
-5.94 4.64006 4.53467
-5.94722 4.65355 4.53887
-5.95456 4.66719 4.54303
-5.96201 4.68096 4.54714
-5.96956 4.69487 4.5512
-5.97723 4.70893 4.55522
-5.98501 4.72312 4.55918
-5.99291 4.73746 4.56308
-6.00092 4.75194 4.56693
-6.00904 4.76656 4.57072
-6.01728 4.78133 4.57446
-6.02563 4.79625 4.57813
-6.0341 4.81131 4.58174
-6.04269 4.82652 4.58529
-6.05139 4.84188 4.58877
-6.06021 4.85738 4.5922
-6.06914 4.87304 4.59557
-6.07818 4.88883 4.59891
-6.08733 4.90478 4.60222
-6.09658 4.92086 4.60551
-6.10593 4.93709 4.60878
-6.11538 4.95346 4.61205
-6.12493 4.96997 4.61533
-6.13457 4.98661 4.61862
-6.1443 5.0034 4.62193
-6.15412 5.02031 4.62528
-6.16402 5.03737 4.62867
-6.17401 5.05456 4.6321
-6.18408 5.07187 4.6356
-6.19422 5.08933 4.63916
-6.20444 5.10691 4.64279
-6.21474 5.12462 4.64648
-6.22511 5.14245 4.65023
-6.23556 5.16042 4.65403
-6.24608 5.17851 4.65787
-6.25667 5.19673 4.66175
-6.26734 5.21506 4.66565
-6.27809 5.23353 4.66958
-6.28891 5.25211 4.67352
-6.2998 5.27082 4.67748
-6.31076 5.28964 4.68143
-6.3218 5.30859 4.68539
-6.33291 5.32765 4.68933
-6.34408 5.34681 4.69325
-6.35532 5.36608 4.69716
-6.36662 5.38544 4.70104
-6.37797 5.40487 4.70488
-6.38938 5.42438 4.70869
-6.40082 5.44394 4.71246
-6.41231 5.46356 4.71618
-6.42383 5.48321 4.71985
-6.43539 5.5029 4.72347
-6.44697 5.5226 4.72702
-6.45857 5.54232 4.7305
-6.47019 5.56204 4.73391
-6.48182 5.58176 4.73724
-6.49347 5.60145 4.7405
-6.50512 5.62113 4.74367
-6.51677 5.64079 4.74677
-6.52842 5.6604 4.74978
-6.54008 5.67998 4.7527
-6.55172 5.69951 4.75554
-6.56336 5.71899 4.75829
-6.57499 5.7384 4.76095
-6.5866 5.75775 4.76352
-6.59819 5.77702 4.76599
-6.60976 5.79621 4.76837
-6.62131 5.81531 4.77065
-6.63283 5.83432 4.77285
-6.64432 5.85324 4.77497
-6.65577 5.87205 4.77703
-6.66718 5.89077 4.77904
-6.67855 5.90939 4.78101
-6.68987 5.9279 4.78296
-6.70114 5.9463 4.78489
-6.71236 5.96458 4.78681
-6.72352 5.98276 4.78875
-6.73462 6.00081 4.7907
-6.74565 6.01875 4.79269
-6.75662 6.03656 4.79471
-6.76751 6.05424 4.79679
-6.77833 6.0718 4.79889
-6.78908 6.08923 4.80102
-6.79976 6.10652 4.80316
-6.81037 6.12368 4.80529
-6.82091 6.14071 4.80741
-6.83137 6.15759 4.8095
-6.84177 6.17434 4.81156
-6.8521 6.19095 4.81357
-6.86235 6.20741 4.81551
-6.87253 6.22373 4.81739
-6.88265 6.2399 4.81918
-6.89269 6.25592 4.82087
-6.90267 6.27178 4.82245
-6.91257 6.2875 4.82393
-6.9224 6.30307 4.8253
-6.93216 6.31849 4.82658
-6.94184 6.33376 4.82777
-6.95145 6.34889 4.82888
-6.96099 6.36388 4.82992
-6.97044 6.37873 4.8309
-6.97982 6.39343 4.83183
-6.98912 6.40801 4.83272
-6.99834 6.42244 4.83357
-7.00747 6.43675 4.83439
-7.01653 6.45092 4.83519
-7.0255 6.46497 4.83598
-7.03439 6.47888 4.83677
-7.04319 6.49268 4.83757
-7.05191 6.50634 4.83837
-7.06054 6.51988 4.83917
-7.06908 6.53329 4.83997
-7.07753 6.54656 4.84077
-7.0859 6.55971 4.84157
-7.09418 6.57272 4.84236
-7.10238 6.58559 4.84314
-7.11048 6.59833 4.8439
-7.1185 6.61092 4.84465
-7.12642 6.62338 4.84538
-7.13426 6.63569 4.8461
-7.14201 6.64786 4.84678
-7.14967 6.65988 4.84745
-7.15724 6.67176 4.84808
-7.16472 6.68348 4.84868
-7.1721 6.69506 4.84926
-7.1794 6.70648 4.8498
-7.18661 6.71776 4.85031
-7.19372 6.72888 4.8508
-7.20074 6.73986 4.85127
-7.20767 6.75068 4.85172
-7.21451 6.76136 4.85215
-7.22125 6.77189 4.85257
-7.22791 6.78227 4.85298
-7.23446 6.7925 4.85338
-7.24093 6.80258 4.85378
-7.2473 6.81252 4.85417
-7.25357 6.8223 4.85457
-7.25975 6.83194 4.85496
-7.26584 6.84144 4.85537
-7.27183 6.85079 4.85578
-7.27772 6.85999 4.8562
-7.28352 6.86904 4.85663
-7.28923 6.87795 4.85708
-7.29484 6.88671 4.85752
-7.30036 6.89532 4.85798
-7.30578 6.90378 4.85845
-7.31112 6.9121 4.85891
-7.31635 6.92027 4.85939
-7.3215 6.92829 4.85987
-7.32656 6.93617 4.86035
-7.33152 6.94389 4.86083
-7.3364 6.95146 4.86131
-7.34118 6.95889 4.86179
-7.34588 6.96617 4.86228
-7.35048 6.9733 4.86276
-7.355 6.98027 4.86324
-7.35943 6.9871 4.86371
-7.36377 6.99378 4.86418
-7.36802 7.00031 4.86464
-7.37219 7.00669 4.8651
-7.37627 7.01292 4.86556
-7.38026 7.01901 4.866
-7.38417 7.02495 4.86644
-7.38799 7.03075 4.86688
-7.39172 7.03641 4.8673
-7.39537 7.04192 4.86772
-7.39893 7.0473 4.86813
-7.40241 7.05253 4.86853
-7.4058 7.05763 4.86893
-7.40911 7.06259 4.86931
-7.41234 7.06742 4.86968
-7.41548 7.07211 4.87004
-7.41853 7.07666 4.8704
-7.4215 7.08109 4.87074
-7.42439 7.08538 4.87107
-7.4272 7.08954 4.87138
-7.42992 7.09358 4.87169
-7.43255 7.09748 4.87198
-7.4351 7.10125 4.87226
-7.43757 7.10489 4.87253
-7.43994 7.10839 4.87279
-7.44223 7.11176 4.87303
-7.44442 7.11499 4.87326
-7.44652 7.11809 4.87349
-7.44853 7.12105 4.8737
-7.45044 7.12387 4.87389
-7.45225 7.12655 4.87408
-7.45396 7.12908 4.87426
-7.45558 7.13148 4.87442
-7.45709 7.13373 4.87457
-7.4585 7.13583 4.87472
-7.45981 7.13779 4.87485
-7.46101 7.13961 4.87497
-7.46211 7.14127 4.87508
-----------------------------------------
Driving on pointcloud 算法指标如下：
初始轨迹时间开销：0.00243139
轨迹优化时间开销：0.012809
轨迹长度：21.9776
平滑损失：1.56463
最大加速度：1.86818
最大曲率：0.463009
