4.54219 1.07708 0.233748
4.54156 1.0789 0.234155
4.54089 1.08083 0.234586
4.54018 1.08288 0.235042
4.53943 1.08503 0.235523
4.53864 1.0873 0.23603
4.53781 1.08968 0.236561
4.53693 1.09217 0.237119
4.53602 1.09478 0.237702
4.53505 1.0975 0.238311
4.53405 1.10033 0.238946
4.533 1.10328 0.239607
4.53191 1.10635 0.240295
4.53077 1.10953 0.241009
4.52958 1.11283 0.241749
4.52835 1.11624 0.242517
4.52708 1.11977 0.243311
4.52576 1.12342 0.244133
4.52439 1.12719 0.244981
4.52297 1.13107 0.245857
4.52151 1.13508 0.246761
4.52 1.1392 0.247693
4.51844 1.14345 0.248652
4.51683 1.14781 0.24964
4.51517 1.1523 0.250655
4.51347 1.15691 0.251699
4.51171 1.16163 0.252772
4.5099 1.16649 0.253873
4.50804 1.17146 0.255003
4.50613 1.17656 0.256162
4.50417 1.18178 0.25735
4.50216 1.18713 0.258567
4.50009 1.1926 0.259814
4.49797 1.1982 0.261091
4.4958 1.20393 0.262398
4.49356 1.20979 0.263735
4.49127 1.21577 0.265103
4.48892 1.22189 0.266502
4.48651 1.22814 0.267933
4.48404 1.23453 0.269395
4.4815 1.24105 0.270889
4.4789 1.24771 0.272415
4.47623 1.25451 0.273974
4.4735 1.26145 0.275565
4.4707 1.26853 0.27719
4.46783 1.27575 0.278848
4.46489 1.28312 0.280539
4.46188 1.29063 0.282265
4.45879 1.29828 0.284025
4.45563 1.30608 0.285819
4.45239 1.31404 0.287649
4.44908 1.32214 0.289513
4.44569 1.33039 0.291413
4.44221 1.3388 0.293349
4.43866 1.34736 0.29532
4.43503 1.35607 0.297328
4.43131 1.36494 0.299373
4.42751 1.37397 0.301455
4.42362 1.38315 0.303574
4.41964 1.39249 0.30573
4.41557 1.40198 0.307924
4.41141 1.41163 0.310156
4.40715 1.42143 0.312426
4.40279 1.43138 0.314735
4.39833 1.44149 0.317083
4.39377 1.45174 0.31947
4.3891 1.46215 0.321896
4.38433 1.47271 0.324362
4.37945 1.48342 0.326867
4.37446 1.49428 0.329413
4.36936 1.50528 0.332
4.36414 1.51643 0.334627
4.3588 1.52773 0.337295
4.35335 1.53918 0.340004
4.34777 1.55078 0.342755
4.34207 1.56251 0.345547
4.33625 1.57438 0.348378
4.33031 1.58638 0.351247
4.32425 1.5985 0.354153
4.31808 1.61074 0.357095
4.31179 1.62309 0.36007
4.30539 1.63553 0.363079
4.29888 1.64808 0.366118
4.29226 1.66071 0.369187
4.28552 1.67343 0.372285
4.27868 1.68622 0.375411
4.27173 1.69908 0.378562
4.26467 1.71201 0.381737
4.25751 1.72499 0.384936
4.25025 1.73802 0.388156
4.24289 1.7511 0.391397
4.23542 1.76421 0.394657
4.22786 1.77735 0.397935
4.2202 1.79052 0.40123
4.21243 1.80372 0.404543
4.20455 1.81695 0.407876
4.19657 1.83022 0.411229
4.18847 1.84351 0.414603
4.18025 1.85684 0.417999
4.17191 1.87021 0.421418
4.16344 1.88361 0.42486
4.15485 1.89705 0.428327
4.14612 1.91054 0.431819
4.13726 1.92406 0.435337
4.12826 1.93763 0.438882
4.11912 1.95124 0.442456
4.10983 1.96489 0.446058
4.10039 1.9786 0.449689
4.0908 1.99234 0.453348
4.08107 2.00612 0.457034
4.07119 2.01992 0.460743
4.06117 2.03376 0.464474
4.05101 2.0476 0.468225
4.04071 2.06147 0.471994
4.03027 2.07533 0.475779
4.0197 2.0892 0.479579
4.00899 2.10306 0.48339
3.99815 2.11692 0.487212
3.98718 2.13075 0.491042
3.97609 2.14456 0.494879
3.96486 2.15835 0.49872
3.95352 2.17209 0.502563
3.94204 2.18581 0.506408
3.93045 2.19948 0.510258
3.91872 2.21311 0.514115
3.90686 2.22671 0.51798
3.89487 2.24027 0.521857
3.88275 2.25378 0.525748
3.87049 2.26726 0.529655
3.85809 2.2807 0.533581
3.84555 2.29411 0.537527
3.83287 2.30747 0.541497
3.82004 2.32079 0.545492
3.80707 2.33407 0.549516
3.79395 2.34732 0.553569
3.78068 2.36052 0.557651
3.76728 2.37367 0.561759
3.75373 2.38678 0.565893
3.74005 2.39982 0.570049
3.72625 2.41281 0.574225
3.71232 2.42574 0.57842
3.69826 2.4386 0.582631
3.6841 2.45139 0.586857
3.66982 2.46411 0.591095
3.65543 2.47674 0.595342
3.64094 2.4893 0.599598
3.62635 2.50177 0.60386
3.61166 2.51415 0.608126
3.59687 2.52644 0.612396
3.58199 2.53865 0.616668
3.56701 2.55077 0.620942
3.55194 2.5628 0.625217
3.53676 2.57475 0.629493
3.5215 2.58662 0.633767
3.50613 2.59841 0.638041
3.49067 2.61011 0.642312
3.47512 2.62174 0.646581
3.45947 2.63329 0.650845
3.44372 2.64476 0.655105
3.42788 2.65615 0.65936
3.41195 2.66747 0.663613
3.39592 2.6787 0.667866
3.3798 2.68986 0.672123
3.36358 2.70094 0.676387
3.34728 2.71194 0.680663
3.33089 2.72285 0.684953
3.31441 2.73369 0.68926
3.29784 2.74444 0.693588
3.28119 2.7551 0.69794
3.26445 2.76569 0.70232
3.24763 2.77618 0.706731
3.23073 2.78659 0.711177
3.21375 2.79692 0.715657
3.19668 2.80716 0.72017
3.17953 2.81731 0.724711
3.1623 2.82739 0.729277
3.14499 2.83737 0.733865
3.12759 2.84728 0.738472
3.11012 2.85711 0.743095
3.09256 2.86685 0.747729
3.07493 2.87652 0.752372
3.05721 2.88611 0.757021
3.03941 2.89562 0.761672
3.02153 2.90506 0.766321
3.00356 2.91442 0.770966
2.98552 2.9237 0.775608
2.96741 2.93291 0.780249
2.94922 2.94204 0.78489
2.93095 2.95109 0.789534
2.91262 2.96006 0.794182
2.89422 2.96895 0.798836
2.87576 2.97777 0.803499
2.85723 2.9865 0.808173
2.83864 2.99515 0.812858
2.81999 3.00372 0.817558
2.80129 3.0122 0.822274
2.78254 3.0206 0.827008
2.76373 3.02892 0.831761
2.74487 3.03715 0.836532
2.72597 3.0453 0.841321
2.70702 3.05337 0.846125
2.68802 3.06135 0.850944
2.66898 3.06926 0.855777
2.6499 3.07708 0.860623
2.63078 3.08482 0.865482
2.61162 3.09249 0.870351
2.59242 3.10007 0.87523
2.57319 3.10758 0.880118
2.55392 3.11501 0.885015
2.53462 3.12236 0.889918
2.51529 3.12963 0.894826
2.49594 3.13683 0.899737
2.47655 3.14395 0.904649
2.45714 3.151 0.909561
2.43771 3.15796 0.914469
2.41826 3.16485 0.919373
2.39879 3.17167 0.92427
2.37931 3.1784 0.929157
2.35981 3.18507 0.934034
2.3403 3.19165 0.938898
2.32078 3.19816 0.943747
2.30125 3.20459 0.948579
2.28172 3.21094 0.953393
2.26218 3.21722 0.958194
2.24264 3.22342 0.962989
2.2231 3.22955 0.967784
2.20355 3.23559 0.972584
2.18401 3.24156 0.977396
2.16447 3.24746 0.982227
2.14494 3.25327 0.987082
2.12541 3.25901 0.991968
2.10589 3.26467 0.996891
2.08637 3.27025 1.00186
2.06686 3.27575 1.00687
2.04737 3.28118 1.01195
2.02788 3.28653 1.01708
2.00841 3.29179 1.02227
1.98894 3.29699 1.02751
1.96949 3.30211 1.03279
1.95004 3.30715 1.03812
1.93059 3.31212 1.04348
1.91116 3.31703 1.04886
1.89172 3.32186 1.05426
1.8723 3.32662 1.05968
1.85287 3.33132 1.06511
1.83344 3.33596 1.07053
1.81401 3.34053 1.07596
1.79459 3.34504 1.08137
1.77515 3.34948 1.08677
1.75572 3.35387 1.09214
1.73628 3.3582 1.0975
1.71684 3.36247 1.10285
1.6974 3.36668 1.10817
1.67795 3.37084 1.11349
1.65849 3.37494 1.11879
1.63903 3.37898 1.12408
1.61956 3.38297 1.12936
1.60009 3.38691 1.13463
1.58061 3.39079 1.1399
1.56112 3.39462 1.14517
1.54163 3.39839 1.15043
1.52213 3.40212 1.15569
1.50262 3.40579 1.16095
1.48311 3.40942 1.16621
1.46358 3.41299 1.17147
1.44405 3.41651 1.17673
1.42451 3.41999 1.18198
1.40497 3.42341 1.18722
1.38542 3.42678 1.19246
1.36586 3.43011 1.19769
1.34629 3.43338 1.20291
1.32671 3.43661 1.20812
1.30713 3.43979 1.21331
1.28754 3.44292 1.21849
1.26795 3.446 1.22366
1.24835 3.44903 1.22881
1.22874 3.45201 1.23394
1.20913 3.45495 1.23906
1.18951 3.45783 1.24417
1.16989 3.46067 1.24928
1.15026 3.46346 1.25438
1.13063 3.4662 1.25949
1.111 3.46889 1.2646
1.09137 3.47153 1.26972
1.07174 3.47413 1.27485
1.05211 3.47667 1.28
1.03248 3.47916 1.28517
1.01286 3.48161 1.29037
0.993234 3.484 1.29559
0.973615 3.48634 1.30084
0.953999 3.48864 1.30613
0.934386 3.49088 1.31145
0.914777 3.49307 1.3168
0.89517 3.49521 1.32218
0.875566 3.49731 1.32759
0.855964 3.49935 1.33303
0.836364 3.50134 1.3385
0.816765 3.50328 1.344
0.797168 3.50517 1.34954
0.777571 3.507 1.3551
0.757976 3.50879 1.36068
0.738381 3.51053 1.3663
0.718785 3.51221 1.37195
0.699189 3.51385 1.37762
0.67959 3.51543 1.3833
0.659986 3.51697 1.38899
0.640375 3.51846 1.39469
0.620755 3.5199 1.40037
0.601124 3.5213 1.40604
0.581481 3.52265 1.41168
0.561823 3.52396 1.4173
0.542149 3.52522 1.42287
0.522457 3.52644 1.4284
0.502744 3.52763 1.43387
0.483008 3.52877 1.43928
0.463249 3.52987 1.44461
0.443465 3.53094 1.44988
0.423658 3.53197 1.45508
0.403832 3.53295 1.46023
0.383989 3.5339 1.46535
0.364133 3.5348 1.47044
0.344266 3.53565 1.47553
0.324391 3.53647 1.48062
0.304511 3.53723 1.48574
0.28463 3.53795 1.49088
0.264749 3.53863 1.49607
0.244872 3.53925 1.50132
0.225003 3.53982 1.50665
0.205142 3.54034 1.51206
0.185294 3.54081 1.51756
0.165456 3.54122 1.52316
0.145627 3.54158 1.52883
0.125805 3.54188 1.53458
0.105989 3.54213 1.54039
0.086175 3.54232 1.54626
0.0663631 3.54245 1.55217
0.046551 3.54252 1.55811
0.0267369 3.54253 1.56409
0.0069189 3.54248 1.57008
-0.0129047 3.54237 1.57608
-0.0327357 3.5422 1.58208
-0.0525759 3.54196 1.58808
-0.0724267 3.54165 1.59405
-0.0922878 3.54128 1.60001
-0.112159 3.54084 1.60596
-0.132039 3.54033 1.6119
-0.151927 3.53975 1.61783
-0.171823 3.53909 1.62374
-0.191727 3.53835 1.62965
-0.211637 3.53753 1.63556
-0.231553 3.53664 1.64146
-0.251475 3.53565 1.64736
-0.271402 3.53459 1.65326
-0.291333 3.53344 1.65916
-0.311267 3.53219 1.66507
-0.331205 3.53086 1.67098
-0.351146 3.52943 1.67688
-0.37109 3.52792 1.68279
-0.391038 3.52631 1.68868
-0.410989 3.5246 1.69456
-0.430943 3.52281 1.70043
-0.450901 3.52091 1.70628
-0.470861 3.51893 1.71211
-0.490825 3.51684 1.71791
-0.510793 3.51466 1.72368
-0.530764 3.51238 1.72941
-0.550738 3.51001 1.73511
-0.570715 3.50753 1.74077
-0.590695 3.50496 1.74639
-0.610676 3.50228 1.75197
-0.630657 3.49951 1.75753
-0.650636 3.49663 1.76306
-0.670612 3.49366 1.76856
-0.690584 3.49059 1.77405
-0.71055 3.48741 1.77953
-0.730509 3.48413 1.785
-0.75046 3.48076 1.79047
-0.770401 3.47728 1.79594
-0.790331 3.4737 1.80142
-0.810249 3.47002 1.8069
-0.830153 3.46623 1.8124
-0.850043 3.46235 1.81791
-0.869919 3.45836 1.82344
-0.88978 3.45428 1.82898
-0.909626 3.4501 1.83452
-0.929457 3.44582 1.84008
-0.949272 3.44145 1.84565
-0.969072 3.43698 1.85122
-0.988855 3.43242 1.8568
-1.00862 3.42777 1.86238
-1.02837 3.42303 1.86797
-1.04811 3.41819 1.87356
-1.06782 3.41327 1.87915
-1.08752 3.40826 1.88474
-1.1072 3.40316 1.89034
-1.12686 3.39797 1.89594
-1.1465 3.39269 1.90154
-1.16612 3.38732 1.90714
-1.18572 3.38186 1.91275
-1.20529 3.37631 1.91837
-1.22485 3.37067 1.92399
-1.24437 3.36494 1.92962
-1.26388 3.35911 1.93525
-1.28335 3.3532 1.94089
-1.30281 3.34719 1.94654
-1.32223 3.34109 1.9522
-1.34163 3.3349 1.95786
-1.361 3.32861 1.96353
-1.38034 3.32223 1.9692
-1.39966 3.31575 1.97488
-1.41895 3.30917 1.98055
-1.43821 3.3025 1.98623
-1.45744 3.29573 1.9919
-1.47665 3.28886 1.99757
-1.49584 3.28189 2.00323
-1.51499 3.27482 2.00888
-1.53412 3.26765 2.01452
-1.55323 3.26037 2.02016
-1.5723 3.25299 2.02578
-1.59135 3.24551 2.03139
-1.61037 3.23792 2.03699
-1.62936 3.23022 2.04259
-1.64832 3.22241 2.04818
-1.66725 3.2145 2.05377
-1.68614 3.20647 2.05936
-1.705 3.19834 2.06495
-1.72382 3.19008 2.07054
-1.74261 3.18172 2.07614
-1.76136 3.17324 2.08174
-1.78007 3.16465 2.08735
-1.79875 3.15593 2.09297
-1.81738 3.1471 2.0986
-1.83597 3.13816 2.10424
-1.85452 3.12909 2.10989
-1.87302 3.11991 2.11556
-1.89148 3.11061 2.12124
-1.9099 3.10119 2.12693
-1.92826 3.09165 2.13265
-1.94658 3.082 2.13838
-1.96484 3.07223 2.14413
-1.98306 3.06234 2.1499
-2.00122 3.05233 2.15569
-2.01932 3.04221 2.16151
-2.03738 3.03196 2.16735
-2.05537 3.0216 2.1732
-2.07331 3.01112 2.17907
-2.0912 3.00052 2.18495
-2.10903 2.9898 2.19084
-2.1268 2.97897 2.19673
-2.14451 2.96801 2.20262
-2.16216 2.95693 2.20851
-2.17976 2.94573 2.21439
-2.19729 2.93441 2.22026
-2.21477 2.92297 2.22612
-2.23219 2.91141 2.23196
-2.24954 2.89973 2.23777
-2.26683 2.88792 2.24356
-2.28406 2.876 2.24933
-2.30123 2.86395 2.25506
-2.31834 2.85178 2.26076
-2.33538 2.83949 2.26643
-2.35235 2.82709 2.27205
-2.36926 2.81456 2.27763
-2.38611 2.80191 2.28316
-2.40289 2.78914 2.28865
-2.4196 2.77626 2.29408
-2.43624 2.76325 2.29946
-2.45281 2.75012 2.30478
-2.46932 2.73688 2.31005
-2.48575 2.72352 2.31527
-2.50211 2.71005 2.32045
-2.51839 2.69647 2.3256
-2.53458 2.68277 2.33074
-2.5507 2.66897 2.33586
-2.56673 2.65506 2.34097
-2.58268 2.64104 2.34609
-2.59853 2.62692 2.35123
-2.61429 2.6127 2.35639
-2.62995 2.59838 2.36158
-2.64552 2.58397 2.36681
-2.66099 2.56945 2.37209
-2.67635 2.55484 2.37742
-2.69162 2.54014 2.38279
-2.70678 2.52534 2.38821
-2.72183 2.51045 2.39367
-2.73679 2.49546 2.39918
-2.75164 2.48037 2.40473
-2.76638 2.46519 2.41032
-2.78102 2.44992 2.41595
-2.79555 2.43455 2.42163
-2.80998 2.41909 2.42734
-2.82429 2.40354 2.43309
-2.8385 2.38789 2.43887
-2.8526 2.37214 2.44469
-2.86659 2.35631 2.45054
-2.88047 2.34038 2.45641
-2.89425 2.32435 2.46231
-2.90791 2.30823 2.46822
-2.92147 2.29202 2.47415
-2.93492 2.27572 2.48009
-2.94827 2.25931 2.48603
-2.96151 2.24282 2.49197
-2.97464 2.22623 2.49791
-2.98766 2.20954 2.50384
-3.00058 2.19276 2.50976
-3.0134 2.17589 2.51566
-3.0261 2.15892 2.52155
-3.0387 2.14186 2.52743
-3.05119 2.12472 2.53329
-3.06356 2.10749 2.53915
-3.07582 2.09017 2.545
-3.08797 2.07278 2.55084
-3.09999 2.0553 2.55667
-3.1119 2.03776 2.56251
-3.12369 2.02013 2.56834
-3.13535 2.00244 2.57417
-3.14689 1.98468 2.58001
-3.1583 1.96685 2.58584
-3.16959 1.94896 2.59168
-3.18074 1.931 2.59752
-3.19177 1.91298 2.60335
-3.20266 1.89491 2.60917
-3.21343 1.87678 2.61499
-3.22406 1.85859 2.62078
-3.23455 1.84035 2.62656
-3.24491 1.82206 2.63232
-3.25514 1.80372 2.63805
-3.26522 1.78534 2.64375
-3.27517 1.7669 2.64942
-3.28498 1.74843 2.65505
-3.29465 1.72991 2.66064
-3.30417 1.71135 2.6662
-3.31356 1.69276 2.67172
-3.3228 1.67414 2.67722
-3.3319 1.65549 2.68269
-3.34085 1.63682 2.68814
-3.34967 1.61812 2.69357
-3.35833 1.59941 2.69898
-3.36686 1.58068 2.70438
-3.37523 1.56195 2.70978
-3.38346 1.5432 2.71517
-3.39155 1.52446 2.72056
-3.39948 1.50571 2.72596
-3.40727 1.48697 2.73135
-3.41491 1.46823 2.73676
-3.42241 1.4495 2.74216
-3.42977 1.43077 2.74757
-3.43698 1.41205 2.75297
-3.44405 1.39333 2.75836
-3.45099 1.37462 2.76375
-3.45779 1.35592 2.76913
-3.46445 1.33722 2.7745
-3.47098 1.31853 2.77985
-3.47738 1.29985 2.78519
-3.48364 1.28118 2.79051
-3.48978 1.26252 2.79581
-3.49579 1.24387 2.80109
-3.50167 1.22523 2.80634
-3.50742 1.20661 2.81157
-3.51306 1.18799 2.81679
-3.51857 1.16938 2.82198
-3.52396 1.15078 2.82717
-3.52923 1.13219 2.83233
-3.53438 1.11361 2.83749
-3.53942 1.09504 2.84264
-3.54434 1.07648 2.84777
-3.54914 1.05792 2.85291
-3.55384 1.03938 2.85803
-3.55842 1.02084 2.86316
-3.56289 1.00232 2.86828
-3.56726 0.983799 2.87341
-3.57152 0.965289 2.87853
-3.57567 0.946787 2.88367
-3.57972 0.92829 2.8888
-3.58367 0.909799 2.89393
-3.58751 0.891312 2.89907
-3.59125 0.872828 2.90421
-3.59489 0.854345 2.90934
-3.59843 0.835863 2.91448
-3.60188 0.817381 2.91962
-3.60522 0.798898 2.92475
-3.60847 0.780412 2.92989
-3.61163 0.761922 2.93502
-3.61469 0.743428 2.94015
-3.61765 0.724927 2.94527
-3.62053 0.70642 2.95039
-3.62331 0.687905 2.95551
-3.626 0.669381 2.96062
-3.62861 0.650847 2.96572
-3.63112 0.632302 2.97082
-3.63355 0.613745 2.97592
-3.63589 0.595176 2.98101
-3.63814 0.576594 2.9861
-3.6403 0.557998 2.99119
-3.64238 0.539387 2.99627
-3.64437 0.52076 3.00135
-3.64628 0.502117 3.00643
-3.6481 0.483456 3.0115
-3.64984 0.464777 3.01657
-3.65149 0.446079 3.02164
-3.65306 0.42736 3.02671
-3.65455 0.408621 3.03177
-3.65596 0.389861 3.03683
-3.65729 0.371078 3.04189
-3.65854 0.352273 3.04696
-3.6597 0.333445 3.05202
-3.66079 0.314594 3.05708
-3.66179 0.29572 3.06214
-3.66272 0.276823 3.06721
-3.66356 0.257902 3.07228
-3.66432 0.238957 3.07736
-3.665 0.219988 3.08244
-3.6656 0.200994 3.08752
-3.66612 0.181976 3.09261
-3.66656 0.162933 3.09771
-3.66691 0.143865 3.10282
-3.66719 0.124771 3.10794
-3.66739 0.105652 3.11307
-3.6675 0.0865067 3.1182
-3.66754 0.0673357 3.12335
-3.66749 0.048139 3.12851
-3.66737 0.028917 3.13369
-3.66716 0.00966976 3.13888
-3.66687 -0.00960236 3.14409
-3.66649 -0.0288992 3.14931
-3.66603 -0.0482205 3.15455
-3.66549 -0.067566 3.15981
-3.66487 -0.0869355 3.16509
-3.66416 -0.106329 3.17039
-3.66336 -0.125746 3.17571
-3.66248 -0.145186 3.18105
-3.66151 -0.164649 3.18642
-3.66046 -0.184135 3.19182
-3.65932 -0.203644 3.19724
-3.65809 -0.223175 3.20269
-3.65677 -0.242729 3.20816
-3.65537 -0.262305 3.21365
-3.65387 -0.281905 3.21916
-3.65229 -0.301526 3.22468
-3.65061 -0.321171 3.23022
-3.64884 -0.340839 3.23577
-3.64697 -0.36053 3.24133
-3.64502 -0.380243 3.2469
-3.64296 -0.39998 3.25247
-3.64081 -0.41974 3.25804
-3.63857 -0.439523 3.26361
-3.63623 -0.45933 3.26918
-3.63379 -0.47916 3.27474
-3.63125 -0.499012 3.2803
-3.62861 -0.518886 3.28585
-3.62587 -0.538778 3.29139
-3.62302 -0.558687 3.29693
-3.62008 -0.578609 3.30248
-3.61704 -0.598542 3.30802
-3.61389 -0.618483 3.31357
-3.61063 -0.638431 3.31913
-3.60728 -0.658383 3.32469
-3.60381 -0.678337 3.33027
-3.60025 -0.698289 3.33585
-3.59657 -0.718238 3.34145
-3.59279 -0.738181 3.34707
-3.5889 -0.758115 3.35271
-3.5849 -0.77804 3.35836
-3.58079 -0.797953 3.36402
-3.57657 -0.817853 3.36968
-3.57225 -0.837739 3.37534
-3.56781 -0.85761 3.381
-3.56326 -0.877463 3.38664
-3.55861 -0.897298 3.39226
-3.55384 -0.917114 3.39786
-3.54896 -0.936908 3.40343
-3.54397 -0.95668 3.40896
-3.53886 -0.976427 3.41446
-3.53365 -0.99615 3.4199
-3.52832 -1.01585 3.42529
-3.52288 -1.03551 3.43064
-3.51733 -1.05515 3.43594
-3.51167 -1.07474 3.44122
-3.5059 -1.0943 3.44647
-3.50001 -1.11381 3.45171
-3.49403 -1.13327 3.45695
-3.48793 -1.15268 3.46219
-3.48173 -1.17203 3.46744
-3.47542 -1.19132 3.47272
-3.469 -1.21056 3.47803
-3.46248 -1.22972 3.48337
-3.45586 -1.24881 3.48876
-3.44914 -1.26783 3.49421
-3.44231 -1.28678 3.4997
-3.43537 -1.30566 3.50522
-3.42833 -1.32447 3.51078
-3.42119 -1.34321 3.51636
-3.41393 -1.36188 3.52196
-3.40657 -1.38049 3.52757
-3.3991 -1.39903 3.53318
-3.39153 -1.41751 3.53879
-3.38384 -1.43593 3.54438
-3.37604 -1.45428 3.54996
-3.36814 -1.47258 3.5555
-3.36012 -1.49082 3.56102
-3.35198 -1.509 3.5665
-3.34374 -1.52712 3.57196
-3.33539 -1.54518 3.57739
-3.32692 -1.56318 3.58279
-3.31834 -1.58112 3.58818
-3.30965 -1.599 3.59355
-3.30085 -1.61682 3.59891
-3.29194 -1.63458 3.60426
-3.28292 -1.65227 3.6096
-3.27379 -1.66991 3.61494
-3.26454 -1.68748 3.62028
-3.25519 -1.70499 3.62562
-3.24572 -1.72244 3.63097
-3.23615 -1.73983 3.63633
-3.22646 -1.75715 3.64169
-3.21666 -1.77442 3.64705
-3.20675 -1.79163 3.65242
-3.19672 -1.80878 3.6578
-3.18659 -1.82587 3.66318
-3.17634 -1.8429 3.66856
-3.16597 -1.85988 3.67395
-3.15549 -1.87681 3.67934
-3.1449 -1.89368 3.68474
-3.13419 -1.9105 3.69014
-3.12337 -1.92727 3.69554
-3.11243 -1.94399 3.70095
-3.10137 -1.96065 3.70636
-3.0902 -1.97727 3.71178
-3.07892 -1.99383 3.71722
-3.06752 -2.01034 3.72268
-3.05601 -2.02679 3.72815
-3.04438 -2.0432 3.73364
-3.03264 -2.05955 3.73916
-3.02078 -2.07585 3.74471
-3.00881 -2.09209 3.75028
-2.99673 -2.10828 3.75589
-2.98453 -2.12442 3.76153
-2.97222 -2.14051 3.76721
-2.9598 -2.15655 3.77291
-2.94726 -2.17253 3.77863
-2.9346 -2.18847 3.78437
-2.92182 -2.20436 3.79011
-2.90893 -2.2202 3.79584
-2.89592 -2.236 3.80157
-2.88278 -2.25176 3.80727
-2.86952 -2.26748 3.81295
-2.85614 -2.28316 3.81859
-2.84263 -2.2988 3.82419
-2.829 -2.3144 3.82974
-2.81524 -2.32997 3.83523
-2.80135 -2.34551 3.84066
-2.78734 -2.361 3.84606
-2.77321 -2.37645 3.85143
-2.75897 -2.39184 3.85677
-2.74461 -2.40719 3.86211
-2.73014 -2.42248 3.86746
-2.71556 -2.43771 3.87281
-2.70087 -2.45288 3.87819
-2.68608 -2.46797 3.88361
-2.67119 -2.483 3.88908
-2.65621 -2.49795 3.8946
-2.64113 -2.51282 3.9002
-2.62595 -2.52761 3.90587
-2.61068 -2.54232 3.91161
-2.59532 -2.55694 3.91741
-2.57986 -2.57149 3.92327
-2.56431 -2.58595 3.92918
-2.54866 -2.60033 3.93513
-2.53292 -2.61463 3.94112
-2.51708 -2.62885 3.94715
-2.50114 -2.64299 3.95319
-2.4851 -2.65705 3.95926
-2.46897 -2.67103 3.96534
-2.45273 -2.68492 3.97142
-2.43639 -2.69874 3.97751
-2.41996 -2.71248 3.98359
-2.40343 -2.72614 3.98967
-2.3868 -2.73972 3.99575
-2.37007 -2.75321 4.00183
-2.35325 -2.76662 4.00791
-2.33633 -2.77995 4.01398
-2.31932 -2.7932 4.02006
-2.30222 -2.80635 4.02614
-2.28502 -2.81943 4.03222
-2.26774 -2.83241 4.03831
-2.25037 -2.84531 4.04439
-2.2329 -2.85812 4.05048
-2.21535 -2.87084 4.05657
-2.19772 -2.88347 4.06267
-2.18 -2.89601 4.06878
-2.16221 -2.90846 4.0749
-2.14434 -2.92081 4.08103
-2.12639 -2.93306 4.08717
-2.10837 -2.94522 4.09334
-2.09029 -2.95728 4.09952
-2.07213 -2.96924 4.10573
-2.05392 -2.98109 4.11196
-2.03564 -2.99285 4.11822
-2.0173 -3.00449 4.12451
-1.99891 -3.01603 4.13083
-1.98046 -3.02747 4.13717
-1.96195 -3.0388 4.14353
-1.94339 -3.05003 4.1499
-1.92477 -3.06115 4.15627
-1.90609 -3.07218 4.16263
-1.88736 -3.08311 4.16897
-1.86857 -3.09394 4.17527
-1.84972 -3.10467 4.18154
-1.83081 -3.11531 4.18776
-1.81184 -3.12585 4.19393
-1.79281 -3.13631 4.20003
-1.77372 -3.14667 4.20605
-1.75458 -3.15694 4.21199
-1.73538 -3.16712 4.21786
-1.71612 -3.17721 4.22366
-1.69683 -3.18721 4.2294
-1.67749 -3.19711 4.23509
-1.65811 -3.20691 4.24072
-1.6387 -3.21662 4.24631
-1.61926 -3.22623 4.25186
-1.59979 -3.23573 4.25738
-1.5803 -3.24514 4.26288
-1.56079 -3.25445 4.26836
-1.54128 -3.26365 4.27383
-1.52175 -3.27275 4.27929
-1.50222 -3.28175 4.28474
-1.48268 -3.29064 4.29021
-1.46314 -3.29942 4.29567
-1.4436 -3.3081 4.30115
-1.42405 -3.31668 4.30665
-1.40451 -3.32515 4.31216
-1.38497 -3.33352 4.31769
-1.36543 -3.34178 4.32325
-1.34589 -3.34994 4.32884
-1.32636 -3.358 4.33446
-1.30684 -3.36595 4.34012
-1.28732 -3.3738 4.34582
-1.26781 -3.38155 4.35156
-1.24831 -3.38919 4.35735
-1.22882 -3.39674 4.36318
-1.20934 -3.40418 4.36904
-1.18986 -3.41151 4.37494
-1.17039 -3.41875 4.38085
-1.15092 -3.42589 4.38679
-1.13145 -3.43292 4.39273
-1.11198 -3.43986 4.39868
-1.09252 -3.44669 4.40463
-1.07305 -3.45343 4.41057
-1.05358 -3.46007 4.4165
-1.03411 -3.4666 4.42241
-1.01464 -3.47304 4.4283
-0.995161 -3.47939 4.43416
-0.975677 -3.48563 4.43999
-0.956189 -3.49177 4.44579
-0.936696 -3.49782 4.45157
-0.917198 -3.50377 4.45732
-0.897697 -3.50961 4.46305
-0.878192 -3.51536 4.46876
-0.858683 -3.521 4.47444
-0.839171 -3.52655 4.48011
-0.819655 -3.53199 4.48576
-0.800137 -3.53733 4.4914
-0.780616 -3.54256 4.49702
-0.761092 -3.54769 4.50263
-0.741566 -3.55272 4.50822
-0.722038 -3.55765 4.51381
-0.702508 -3.56247 4.51939
-0.682976 -3.56718 4.52497
-0.663443 -3.57179 4.53054
-0.643907 -3.5763 4.5361
-0.624371 -3.5807 4.54166
-0.604833 -3.58499 4.54722
-0.585294 -3.58918 4.55277
-0.565754 -3.59326 4.55833
-0.546212 -3.59723 4.56389
-0.52667 -3.60109 4.56945
-0.507128 -3.60485 4.57502
-0.487584 -3.60849 4.58059
-0.468041 -3.61203 4.58616
-0.448496 -3.61546 4.59174
-0.42895 -3.61878 4.59733
-0.409401 -3.62199 4.60291
-0.38985 -3.62509 4.60849
-0.370295 -3.62808 4.61407
-0.350736 -3.63096 4.61964
-0.331172 -3.63373 4.6252
-0.311602 -3.63639 4.63075
-0.292027 -3.63894 4.63628
-0.272444 -3.64138 4.6418
-0.252855 -3.64371 4.6473
-0.233257 -3.64593 4.65278
-0.21365 -3.64803 4.65824
-0.194035 -3.65003 4.66368
-0.174412 -3.65191 4.6691
-0.154781 -3.65368 4.6745
-0.135144 -3.65534 4.67989
-0.115501 -3.65689 4.68527
-0.0958529 -3.65832 4.69065
-0.0762011 -3.65964 4.69604
-0.0565459 -3.66084 4.70142
-0.0368882 -3.66193 4.70682
-0.0172289 -3.6629 4.71223
0.0024313 -3.66376 4.71766
0.0220916 -3.66451 4.72311
0.0417511 -3.66514 4.72858
0.0614092 -3.66565 4.73408
0.081066 -3.66605 4.73961
0.100722 -3.66633 4.74516
0.120376 -3.66649 4.75073
0.14003 -3.66653 4.75632
0.159683 -3.66646 4.76192
0.179335 -3.66627 4.76753
0.198988 -3.66596 4.77314
0.21864 -3.66553 4.77876
0.238292 -3.66498 4.78438
0.257945 -3.66432 4.78999
0.277598 -3.66353 4.7956
0.297252 -3.66262 4.80119
0.316906 -3.66159 4.80677
0.336562 -3.66045 4.81234
0.356218 -3.65918 4.8179
0.375875 -3.65779 4.82345
0.395532 -3.65628 4.829
0.41519 -3.65465 4.83455
0.434848 -3.6529 4.8401
0.454507 -3.65103 4.84567
0.474166 -3.64903 4.85124
0.493824 -3.64692 4.85683
0.513483 -3.64469 4.86243
0.533142 -3.64233 4.86806
0.5528 -3.63986 4.87371
0.572459 -3.63726 4.87939
0.592117 -3.63455 4.8851
0.611779 -3.63171 4.89082
0.631445 -3.62875 4.89656
0.651117 -3.62568 4.9023
0.670798 -3.62248 4.90804
0.690489 -3.61916 4.91377
0.710193 -3.61573 4.91949
0.72991 -3.61218 4.92518
0.749644 -3.6085 4.93084
0.769395 -3.60471 4.93646
0.789167 -3.6008 4.94203
0.80896 -3.59677 4.94756
0.828777 -3.59263 4.95302
0.848619 -3.58836 4.95843
0.868483 -3.58398 4.96378
0.888369 -3.57948 4.96908
0.908274 -3.57487 4.97434
0.928195 -3.57014 4.97958
0.948133 -3.5653 4.9848
0.968083 -3.56035 4.99
0.988046 -3.55528 4.9952
1.00802 -3.5501 5.0004
1.028 -3.5448 5.00561
1.04798 -3.5394 5.01085
1.06797 -3.53389 5.01611
1.08797 -3.52827 5.02142
1.10796 -3.52253 5.02676
1.12795 -3.51669 5.03214
1.14794 -3.51074 5.03757
1.16792 -3.50469 5.04302
1.1879 -3.49852 5.04851
1.20788 -3.49224 5.05402
1.22784 -3.48586 5.05956
1.24779 -3.47936 5.06512
1.26773 -3.47276 5.0707
1.28766 -3.46605 5.0763
1.30758 -3.45923 5.08191
1.32747 -3.4523 5.08753
1.34735 -3.44526 5.09316
1.36721 -3.43812 5.0988
1.38705 -3.43087 5.10445
1.40686 -3.42351 5.11013
1.42665 -3.41605 5.11585
1.44641 -3.40848 5.12161
1.46614 -3.40081 5.12742
1.48584 -3.39304 5.13329
1.5055 -3.38518 5.13923
1.52513 -3.37721 5.14524
1.54472 -3.36915 5.15134
1.56426 -3.36099 5.15754
1.58377 -3.35274 5.16384
1.60323 -3.34439 5.17024
1.62266 -3.33595 5.17674
1.64204 -3.32741 5.18331
1.6614 -3.31878 5.18994
1.68074 -3.31005 5.1966
1.70005 -3.30121 5.20327
1.71935 -3.29227 5.20993
1.73864 -3.28323 5.21656
1.75793 -3.27408 5.22314
1.77722 -3.26483 5.22966
1.79651 -3.25546 5.23608
1.81582 -3.24599 5.24239
1.83514 -3.2364 5.24857
1.85448 -3.22669 5.25461
1.87384 -3.21688 5.26053
1.8932 -3.20696 5.26634
1.91257 -3.19693 5.27206
1.93195 -3.18681 5.27769
1.95131 -3.17658 5.28326
1.97067 -3.16625 5.28877
1.99002 -3.15583 5.29424
2.00935 -3.14532 5.29969
2.02866 -3.13472 5.30513
2.04794 -3.12403 5.31057
2.06719 -3.11326 5.31603
2.08641 -3.10241 5.32152
2.1056 -3.09147 5.32705
2.12475 -3.08046 5.3326
2.14386 -3.06936 5.33817
2.16294 -3.05818 5.34377
2.18198 -3.04692 5.34939
2.20098 -3.03559 5.35502
2.21995 -3.02417 5.36067
2.23888 -3.01267 5.36633
2.25777 -3.00109 5.372
2.27663 -2.98943 5.37767
2.29545 -2.97769 5.38334
2.31423 -2.96588 5.38901
2.33297 -2.95398 5.39468
2.35167 -2.942 5.40035
2.37033 -2.92995 5.40601
2.38895 -2.91782 5.41168
2.40752 -2.90561 5.41734
2.42605 -2.89332 5.423
2.44453 -2.88096 5.42865
2.46296 -2.86852 5.43431
2.48135 -2.856 5.43996
2.49968 -2.84341 5.44561
2.51796 -2.83074 5.45126
2.53619 -2.818 5.45691
2.55437 -2.80519 5.46256
2.57248 -2.7923 5.46821
2.59055 -2.77933 5.47385
2.60855 -2.7663 5.47949
2.62649 -2.75318 5.48513
2.64438 -2.74 5.49077
2.66219 -2.72674 5.49641
2.67995 -2.71341 5.50203
2.69764 -2.7 5.50766
2.71527 -2.68652 5.51328
2.73282 -2.67297 5.5189
2.75031 -2.65934 5.52451
2.76772 -2.64564 5.53011
2.78507 -2.63187 5.53571
2.80234 -2.61802 5.5413
2.81953 -2.60411 5.54688
2.83665 -2.59012 5.55245
2.85369 -2.57606 5.55801
2.87064 -2.56193 5.56355
2.88751 -2.54774 5.56909
2.9043 -2.53348 5.5746
2.921 -2.51915 5.5801
2.93762 -2.50475 5.58558
2.95414 -2.4903 5.59105
2.97057 -2.47577 5.59649
2.98691 -2.46118 5.60191
3.00315 -2.44653 5.60731
3.0193 -2.43182 5.61269
3.03535 -2.41706 5.61803
3.05129 -2.40223 5.62336
3.06714 -2.38735 5.62865
3.08287 -2.37241 5.63391
3.09851 -2.35742 5.63914
3.11403 -2.34238 5.64434
3.12945 -2.32729 5.64951
3.14476 -2.31215 5.65464
3.15995 -2.29696 5.65973
3.17502 -2.28173 5.66479
3.18999 -2.26645 5.66981
3.20483 -2.25114 5.67479
3.21955 -2.23579 5.67975
3.23414 -2.2204 5.68468
3.24861 -2.20499 5.68959
3.26294 -2.18954 5.69448
3.27715 -2.17408 5.69936
3.29121 -2.15859 5.70423
3.30514 -2.14309 5.70909
3.31893 -2.12757 5.71396
3.33258 -2.11204 5.71883
3.34608 -2.09651 5.7237
3.35943 -2.08097 5.72859
3.37263 -2.06543 5.73349
3.38568 -2.04988 5.73839
3.39858 -2.03433 5.7433
3.41133 -2.01877 5.74822
3.42394 -2.0032 5.75314
3.4364 -1.98763 5.75805
3.44871 -1.97205 5.76296
3.46088 -1.95646 5.76786
3.4729 -1.94086 5.77276
3.48477 -1.92525 5.77763
3.4965 -1.90962 5.7825
3.50809 -1.89398 5.78734
3.51953 -1.87833 5.79217
3.53082 -1.86267 5.79697
3.54198 -1.84698 5.80175
3.55299 -1.83128 5.80652
3.56386 -1.81556 5.81126
3.57458 -1.79982 5.81599
3.58517 -1.78406 5.8207
3.59561 -1.76827 5.8254
3.60591 -1.75246 5.83008
3.61608 -1.73662 5.83475
3.6261 -1.72075 5.83941
3.63598 -1.70486 5.84406
3.64572 -1.68894 5.84869
3.65532 -1.67298 5.85332
3.66478 -1.65699 5.85794
3.67411 -1.64096 5.86256
3.68329 -1.6249 5.86717
3.69234 -1.6088 5.87177
3.70125 -1.59265 5.87636
3.71002 -1.57647 5.88095
3.71865 -1.56023 5.88554
3.72715 -1.54395 5.89011
3.7355 -1.52762 5.89469
3.74372 -1.51124 5.89926
3.75181 -1.4948 5.90382
3.75976 -1.47831 5.90838
3.76757 -1.46176 5.91294
3.77525 -1.44515 5.91749
3.78279 -1.42848 5.92205
3.79019 -1.41174 5.92659
3.79746 -1.39495 5.93114
3.80458 -1.3781 5.93569
3.81158 -1.36118 5.94023
3.81843 -1.3442 5.94477
3.82514 -1.32716 5.94932
3.83172 -1.31006 5.95386
3.83815 -1.29289 5.9584
3.84445 -1.27567 5.96294
3.85061 -1.25838 5.96749
3.85662 -1.24102 5.97203
3.8625 -1.22361 5.97658
3.86823 -1.20613 5.98113
3.87382 -1.1886 5.98568
3.87927 -1.17101 5.99023
3.88458 -1.15336 5.99478
3.88974 -1.13566 5.99934
3.89476 -1.11791 6.00389
3.89963 -1.10012 6.00845
3.90437 -1.08227 6.01301
3.90895 -1.06439 6.01757
3.91339 -1.04646 6.02212
3.91768 -1.02848 6.02668
3.92183 -1.01047 6.03124
3.92583 -0.992426 6.0358
3.92969 -0.97434 6.04036
3.9334 -0.956216 6.04493
3.93696 -0.938056 6.04949
3.94038 -0.919857 6.05406
3.94365 -0.901622 6.05863
3.94678 -0.88335 6.0632
3.94977 -0.865042 6.06778
3.95261 -0.846697 6.07236
3.9553 -0.828316 6.07694
3.95786 -0.809899 6.08153
3.96027 -0.791446 6.08612
3.96253 -0.772958 6.09072
3.96466 -0.754433 6.09533
3.96664 -0.735872 6.09994
3.96848 -0.717275 6.10455
3.97018 -0.698641 6.10918
3.97174 -0.679969 6.11381
3.97316 -0.66126 6.11845
3.97444 -0.642513 6.12309
3.97558 -0.623728 6.12775
3.97657 -0.604904 6.13241
3.97744 -0.586042 6.13708
3.97816 -0.567141 6.14176
3.97874 -0.548201 6.14646
3.97919 -0.529222 6.15116
3.9795 -0.510205 6.15587
3.97967 -0.491151 6.1606
3.9797 -0.472061 6.16534
3.9796 -0.452936 6.1701
3.97937 -0.433776 6.17488
3.979 -0.414583 6.17967
3.9785 -0.395357 6.18448
3.97786 -0.3761 6.18932
3.97709 -0.356811 6.19417
3.97619 -0.337492 6.19905
3.97515 -0.318144 6.20396
3.97399 -0.298767 6.20889
3.97269 -0.279363 6.21384
3.97126 -0.25993 6.21881
3.9697 -0.24047 6.2238
3.96801 -0.220983 6.22881
3.9662 -0.201469 6.23383
3.96425 -0.181929 6.23887
3.96217 -0.162363 6.24391
3.95997 -0.142772 6.24897
3.95764 -0.123156 6.25403
3.95518 -0.103515 6.2591
3.95259 -0.0838494 6.26416
3.94988 -0.0641603 6.26923
3.94704 -0.0444485 6.2743
3.94408 -0.0247155 6.27937
3.94099 -0.00496277 6.28445
3.93778 0.0148082 6.28953
3.93444 0.0345959 6.29461
3.93097 0.0543988 6.2997
3.92739 0.0742155 6.30479
3.92367 0.0940445 6.3099
3.91984 0.113884 6.31501
3.91588 0.133733 6.32013
3.9118 0.15359 6.32526
3.90759 0.173454 6.3304
3.90326 0.193322 6.33556
3.89881 0.213196 6.34072
3.89424 0.233075 6.3459
3.88955 0.25296 6.35109
3.88473 0.272851 6.35629
3.8798 0.292748 6.3615
3.87474 0.312652 6.36672
3.86956 0.332562 6.37194
3.86427 0.352479 6.37718
3.85885 0.372403 6.38242
3.85331 0.392334 6.38767
3.84765 0.412273 6.39292
3.84188 0.432219 6.39818
3.83598 0.452174 6.40345
3.82997 0.472135 6.40873
3.82384 0.492101 6.41401
3.81759 0.512074 6.41931
3.81123 0.53205 6.42462
3.80474 0.55203 6.42994
3.79815 0.572013 6.43529
3.79143 0.591997 6.44065
3.78461 0.611983 6.44603
3.77767 0.631969 6.45144
3.77061 0.651954 6.45687
3.76344 0.671938 6.46233
3.75616 0.69192 6.46782
3.74876 0.711898 6.47335
3.74126 0.731871 6.4789
3.73364 0.751839 6.48449
3.72592 0.771799 6.49012
3.71809 0.791749 6.49579
3.71015 0.81169 6.5015
3.7021 0.831619 6.50725
3.69395 0.851535 6.51305
3.68569 0.871436 6.5189
3.67734 0.891321 6.5248
3.66887 0.91119 6.53075
3.66031 0.931039 6.53676
3.65165 0.950869 6.54282
3.64289 0.97068 6.54892
3.63403 0.990474 6.55507
3.62507 1.01025 6.56125
3.61601 1.03001 6.56744
3.60686 1.04976 6.57366
3.59761 1.06949 6.57987
3.58827 1.08922 6.58609
3.57883 1.10893 6.59229
3.5693 1.12863 6.59847
3.55967 1.14832 6.60462
3.54995 1.16801 6.61073
3.54015 1.18769 6.61679
3.53025 1.20736 6.62281
3.52026 1.22703 6.62878
3.51019 1.24668 6.6347
3.50003 1.26632 6.64057
3.48979 1.28595 6.6464
3.47947 1.30556 6.65219
3.46906 1.32516 6.65794
3.45858 1.34474 6.66365
3.44803 1.36429 6.66932
3.4374 1.38383 6.67495
3.4267 1.40334 6.68055
3.41593 1.42282 6.68611
3.40508 1.44228 6.69165
3.39418 1.46171 6.69716
3.3832 1.4811 6.70265
3.37216 1.50045 6.70815
3.36106 1.51975 6.71365
3.3499 1.539 6.71917
3.33869 1.55821 6.72471
3.32741 1.57735 6.73029
3.31608 1.59643 6.73592
3.3047 1.61545 6.7416
3.29327 1.63439 6.74734
3.28178 1.65326 6.75316
3.27025 1.67205 6.75907
3.25868 1.69076 6.76505
3.24705 1.70939 6.77111
3.23537 1.72794 6.77722
3.22364 1.74642 6.78339
3.21186 1.76483 6.78959
3.20003 1.78316 6.79582
3.18815 1.80142 6.80206
3.1762 1.81962 6.80831
3.16421 1.83775 6.81455
3.15215 1.85581 6.82077
3.14004 1.87381 6.82697
3.12787 1.89175 6.83312
3.11564 1.90963 6.83923
3.10334 1.92745 6.84528
3.09099 1.94521 6.85129
3.07859 1.9629 6.85726
3.06612 1.98053 6.8632
3.0536 1.99808 6.86909
3.04102 2.01557 6.87496
3.02839 2.03299 6.8808
3.0157 2.05033 6.88661
3.00296 2.0676 6.8924
2.99017 2.08479 6.89817
2.97732 2.1019 6.90393
2.96442 2.11893 6.90967
2.95148 2.13588 6.91541
2.93848 2.15274 6.92113
2.92543 2.16953 6.92684
2.91232 2.18623 6.93255
2.89917 2.20284 6.93824
2.88596 2.21937 6.94392
2.87271 2.23582 6.94959
2.8594 2.25218 6.95524
2.84603 2.26845 6.96089
2.83262 2.28463 6.96652
2.81915 2.30073 6.97215
2.80563 2.31673 6.97776
2.79206 2.33265 6.98336
2.77844 2.34848 6.98895
2.76476 2.36421 6.99454
2.75103 2.37985 7.00012
2.73725 2.39539 7.00571
2.72341 2.41083 7.0113
2.70952 2.42617 7.0169
2.69558 2.44141 7.0225
2.68158 2.45655 7.02812
2.66754 2.47158 7.03376
2.65344 2.4865 7.03942
2.63929 2.50132 7.0451
2.62508 2.51602 7.05081
2.61082 2.53062 7.05654
2.59651 2.54511 7.06229
2.58214 2.55949 7.06806
2.56772 2.57376 7.07383
2.55323 2.58794 7.07962
2.53869 2.60201 7.0854
2.52409 2.61598 7.09118
2.50943 2.62986 7.09694
2.4947 2.64364 7.1027
2.47991 2.65733 7.10843
2.46505 2.67093 7.11414
2.45013 2.68444 7.11982
2.43514 2.69786 7.12547
2.42008 2.7112 7.13109
2.40496 2.72444 7.13667
2.38977 2.7376 7.14223
2.37451 2.75068 7.14775
2.35918 2.76367 7.15325
2.34379 2.77657 7.15872
2.32833 2.78939 7.16417
2.31281 2.80212 7.16959
2.29721 2.81476 7.17499
2.28156 2.82732 7.18037
2.26583 2.8398 7.18573
2.25004 2.85219 7.19107
2.23418 2.8645 7.19639
2.21826 2.87672 7.2017
2.20228 2.88886 7.20701
2.18623 2.90091 7.21231
2.17012 2.91287 7.21761
2.15395 2.92475 7.22292
2.13772 2.93654 7.22823
2.12143 2.94824 7.23356
2.10508 2.95986 7.23891
2.08867 2.97138 7.24429
2.07221 2.98282 7.24969
2.05568 2.99417 7.25512
2.03911 3.00543 7.26058
2.02247 3.0166 7.26608
2.00578 3.02768 7.27161
1.98904 3.03866 7.27717
1.97223 3.04956 7.28275
1.95537 3.06037 7.28836
1.93844 3.07109 7.29399
1.92146 3.08172 7.29964
1.90441 3.09225 7.30531
1.8873 3.1027 7.311
1.87013 3.11306 7.31669
1.8529 3.12332 7.3224
1.8356 3.1335 7.32812
1.81824 3.14358 7.33384
1.80081 3.15358 7.33956
1.78331 3.16348 7.34528
1.76575 3.1733 7.35099
1.74812 3.18303 7.35669
1.73041 3.19267 7.36237
1.71264 3.20222 7.36803
1.69479 3.21169 7.37366
1.67687 3.22107 7.37926
1.65887 3.23036 7.38482
1.6408 3.23957 7.39034
1.62264 3.24869 7.39581
1.60442 3.25773 7.40124
1.58611 3.26669 7.40663
1.56774 3.27555 7.41198
1.5493 3.28433 7.41729
1.53079 3.29301 7.42259
1.51223 3.3016 7.42787
1.49361 3.31009 7.43315
1.47493 3.31848 7.43842
1.45621 3.32678 7.4437
1.43744 3.33497 7.44899
1.41863 3.34306 7.4543
1.39978 3.35104 7.45964
1.3809 3.35891 7.46501
1.36198 3.36667 7.47041
1.34304 3.37433 7.47584
1.32406 3.38187 7.48131
1.30506 3.38931 7.4868
1.28603 3.39663 7.49232
1.26698 3.40384 7.49786
1.2479 3.41094 7.50342
1.22881 3.41793 7.509
1.20969 3.42481 7.51459
1.19055 3.43158 7.5202
1.17139 3.43824 7.52581
1.15222 3.44478 7.53143
1.13304 3.45121 7.53706
1.11384 3.45753 7.54269
1.09463 3.46373 7.54831
1.0754 3.46983 7.55394
1.05617 3.47581 7.55955
1.03692 3.48168 7.56516
1.01767 3.48744 7.57075
0.998409 3.49308 7.57634
0.979141 3.49862 7.5819
0.959868 3.50404 7.58744
0.940591 3.50935 7.59296
0.921309 3.51455 7.59845
0.902025 3.51963 7.60392
0.882739 3.52461 7.60935
0.863452 3.52947 7.61475
0.844165 3.53423 7.62013
0.824878 3.53887 7.62548
0.805593 3.54341 7.6308
0.786309 3.54783 7.63611
0.767028 3.55215 7.64139
0.74775 3.55635 7.64666
0.728476 3.56045 7.65191
0.709207 3.56444 7.65715
0.689944 3.56833 7.66238
0.670686 3.5721 7.66759
0.651435 3.57578 7.67281
0.632192 3.57934 7.67802
0.612957 3.5828 7.68322
0.59373 3.58615 7.68842
0.574512 3.5894 7.69363
0.555302 3.59254 7.69883
0.5361 3.59558 7.70404
0.516907 3.59852 7.70926
0.497723 3.60135 7.71448
0.478549 3.60408 7.7197
0.459383 3.6067 7.72493
0.440226 3.60923 7.73018
0.421079 3.61165 7.73543
0.401942 3.61396 7.7407
0.382814 3.61618 7.74598
0.363696 3.6183 7.75128
0.344587 3.62031 7.75659
0.325488 3.62222 7.76192
0.306398 3.62404 7.76726
0.287316 3.62575 7.77262
0.268242 3.62736 7.778
0.249176 3.62887 7.78339
0.230116 3.63028 7.78879
0.211064 3.63159 7.79421
0.192017 3.6328 7.79964
0.172977 3.6339 7.80508
0.153942 3.63491 7.81054
0.134911 3.63582 7.81601
0.115886 3.63663 7.82149
0.0968638 3.63734 7.82699
0.0778457 3.63795 7.8325
0.0588306 3.63846 7.83801
0.039818 3.63887 7.84354
0.0208074 3.63918 7.84907
0.00179818 3.63939 7.8546
-0.0172102 3.63951 7.86013
-0.0362183 3.63952 7.86567
-0.0552266 3.63943 7.87119
-0.0742357 3.63924 7.87672
-0.0932462 3.63895 7.88223
-0.112259 3.63856 7.88774
-0.131273 3.63807 7.89323
-0.150291 3.63748 7.89872
-0.169313 3.63679 7.90418
-0.188338 3.636 7.90963
-0.207368 3.63511 7.91506
-0.226402 3.63412 7.92047
-0.245441 3.63303 7.92587
-0.264485 3.63183 7.93125
-0.283534 3.63054 7.93662
-0.302588 3.62914 7.94198
-0.321647 3.62765 7.94733
-0.340712 3.62605 7.95267
-0.359783 3.62435 7.95801
-0.37886 3.62255 7.96333
-0.397943 3.62065 7.96865
-0.417032 3.61864 7.97397
-0.436127 3.61654 7.97928
-0.45523 3.61433 7.98459
-0.474339 3.61202 7.9899
-0.493455 3.60961 7.99521
-0.512577 3.60709 8.00051
-0.531707 3.60448 8.00582
-0.550843 3.60176 8.01113
-0.569986 3.59894 8.01644
-0.589136 3.59601 8.02175
-0.608293 3.59298 8.02707
-0.627456 3.58985 8.03238
-0.646626 3.58661 8.0377
-0.665803 3.58327 8.04303
-0.684987 3.57983 8.04836
-0.704178 3.57628 8.05369
-0.723375 3.57263 8.05903
-0.74258 3.56887 8.06437
-0.761791 3.56501 8.06972
-0.781009 3.56104 8.07508
-0.800233 3.55696 8.08044
-0.819465 3.55278 8.08582
-0.838702 3.54849 8.0912
-0.857947 3.54409 8.09659
-0.877198 3.53959 8.10198
-0.896456 3.53497 8.10739
-0.91572 3.53025 8.11281
-0.93499 3.52541 8.11824
-0.954267 3.52047 8.12368
-0.973551 3.51541 8.12913
-0.99284 3.51024 8.1346
-1.01214 3.50496 8.14008
-1.03144 3.49956 8.14557
-1.05075 3.49406 8.15107
-1.07007 3.48843 8.15659
-1.08939 3.4827 8.16211
-1.10873 3.47684 8.16765
-1.12807 3.47087 8.17319
-1.14742 3.46479 8.17875
-1.16679 3.45858 8.18431
-1.18617 3.45226 8.18989
-1.20556 3.44582 8.19547
-1.22496 3.43927 8.20106
-1.24438 3.43259 8.20665
-1.26381 3.42579 8.21225
-1.28325 3.41887 8.21786
-1.30271 3.41183 8.22347
-1.32219 3.40466 8.22909
-1.34168 3.39738 8.23472
-1.36118 3.38997 8.24036
-1.38071 3.38243 8.24602
-1.40025 3.37477 8.2517
-1.41981 3.36699 8.25741
-1.43938 3.35908 8.26314
-1.45897 3.35105 8.2689
-1.47858 3.34289 8.27469
-1.49821 3.3346 8.28051
-1.51785 3.32618 8.28637
-1.53751 3.31764 8.29227
-1.55719 3.30896 8.29822
-1.57689 3.30016 8.30421
-1.59661 3.29122 8.31024
-1.61634 3.28216 8.3163
-1.6361 3.27296 8.32239
-1.65587 3.26362 8.3285
-1.67565 3.25416 8.33462
-1.69546 3.24455 8.34075
-1.71528 3.23481 8.34689
-1.73511 3.22494 8.35302
-1.75496 3.21492 8.35914
-1.77483 3.20476 8.36525
-1.79471 3.19447 8.37133
-1.8146 3.18403 8.37739
-1.83451 3.17345 8.38341
-1.85443 3.16272 8.3894
-1.87436 3.15186 8.39537
-1.8943 3.14085 8.40131
-1.91424 3.1297 8.40724
-1.93419 3.11842 8.41317
-1.95414 3.10699 8.41909
-1.97408 3.09543 8.42501
-1.99402 3.08373 8.43094
-2.01395 3.07189 8.43689
-2.03388 3.05991 8.44286
-2.05379 3.0478 8.44885
-2.07368 3.03556 8.45488
-2.09356 3.02318 8.46095
-2.11342 3.01067 8.46706
-2.13325 2.99803 8.4732
-2.15306 2.98525 8.47939
-2.17283 2.97235 8.4856
-2.19256 2.95931 8.49185
-2.21226 2.94614 8.49813
-2.2319 2.93284 8.50444
-2.25149 2.91942 8.51077
-2.27103 2.90587 8.51713
-2.29051 2.89218 8.5235
-2.30993 2.87838 8.5299
-2.32927 2.86444 8.53631
-2.34855 2.85038 8.54274
-2.36775 2.8362 8.54918
-2.38686 2.82189 8.55563
-2.40589 2.80746 8.56209
-2.42483 2.79292 8.56856
-2.44368 2.77825 8.57503
-2.46242 2.76348 8.58149
-2.48107 2.74858 8.58796
-2.4996 2.73358 8.59442
-2.51802 2.71847 8.60088
-2.53633 2.70324 8.60733
-2.55451 2.68791 8.61376
-2.57257 2.67248 8.62019
-2.5905 2.65694 8.62659
-2.6083 2.6413 8.63298
-2.62596 2.62557 8.63935
-2.6435 2.60973 8.64571
-2.66089 2.59381 8.65204
-2.67815 2.57779 8.65835
-2.69528 2.56169 8.66464
-2.71226 2.5455 8.6709
-2.7291 2.52922 8.67714
-2.74579 2.51286 8.68336
-2.76234 2.49642 8.68955
-2.77875 2.47991 8.69571
-2.79501 2.46332 8.70184
-2.81111 2.44666 8.70795
-2.82707 2.42993 8.71403
-2.84288 2.41313 8.72009
-2.85855 2.39626 8.72614
-2.87406 2.37933 8.73217
-2.88942 2.36233 8.73819
-2.90464 2.34527 8.7442
-2.9197 2.32816 8.75021
-2.93462 2.31098 8.75622
-2.94939 2.29375 8.76223
-2.964 2.27646 8.76825
-2.97847 2.25912 8.77427
-2.99279 2.24173 8.78031
-3.00695 2.22429 8.78635
-3.02097 2.2068 8.7924
-3.03484 2.18926 8.79845
-3.04857 2.17166 8.8045
-3.06214 2.15402 8.81055
-3.07557 2.13632 8.81659
-3.08886 2.11857 8.82263
-3.102 2.10077 8.82865
-3.11499 2.08292 8.83466
-3.12785 2.06502 8.84065
-3.14056 2.04706 8.84663
-3.15312 2.02905 8.85258
-3.16555 2.01099 8.8585
-3.17783 1.99288 8.86441
-3.18997 1.97471 8.87029
-3.20197 1.9565 8.87615
-3.21383 1.93824 8.88199
-3.22554 1.91993 8.88781
-3.23711 1.90157 8.89362
-3.24854 1.88317 8.89942
-3.25983 1.86473 8.90521
-3.27097 1.84624 8.91098
-3.28197 1.8277 8.91675
-3.29283 1.80913 8.92252
-3.30354 1.79052 8.92828
-3.31411 1.77186 8.93404
-3.32454 1.75317 8.93979
-3.33482 1.73444 8.94554
-3.34495 1.71567 8.95128
-3.35495 1.69687 8.95701
-3.3648 1.67804 8.96273
-3.37451 1.65918 8.96843
-3.38407 1.64028 8.97411
-3.3935 1.62136 8.97977
-3.40277 1.60241 8.9854
-3.41191 1.58343 8.99101
-3.4209 1.56443 8.99659
-3.42976 1.5454 9.00214
-3.43846 1.52636 9.00765
-3.44703 1.50729 9.01313
-3.45546 1.4882 9.01857
-3.46374 1.4691 9.02399
-3.47188 1.44998 9.02939
-3.47988 1.43084 9.03477
-3.48774 1.4117 9.04014
-3.49546 1.39254 9.04549
-3.50303 1.37337 9.05085
-3.51047 1.3542 9.0562
-3.51776 1.33503 9.06155
-3.52492 1.31585 9.06691
-3.53194 1.29666 9.07228
-3.53881 1.27748 9.07767
-3.54555 1.2583 9.08307
-3.55215 1.23912 9.0885
-3.55861 1.21994 9.09394
-3.56493 1.20077 9.0994
-3.57112 1.18159 9.10486
-3.57717 1.16241 9.11033
-3.58309 1.14324 9.1158
-3.58888 1.12406 9.12127
-3.59454 1.10488 9.12674
-3.60006 1.08569 9.13219
-3.60546 1.06651 9.13764
-3.61072 1.04732 9.14307
-3.61586 1.02812 9.14849
-3.62087 1.00892 9.15388
-3.62576 0.98972 9.15925
-3.63052 0.97051 9.16459
-3.63516 0.951294 9.16991
-3.63967 0.932074 9.1752
-3.64406 0.912848 9.18048
-3.64833 0.893617 9.18574
-3.65247 0.874382 9.19098
-3.65649 0.855142 9.19621
-3.66039 0.835897 9.20143
-3.66416 0.816649 9.20663
-3.66781 0.797396 9.21183
-3.67135 0.778139 9.21703
-3.67476 0.758879 9.22222
-3.67805 0.739615 9.2274
-3.68122 0.720347 9.23259
-3.68427 0.701077 9.23778
-3.68719 0.681803 9.24297
-3.69 0.662526 9.24816
-3.69269 0.643246 9.25336
-3.69527 0.623963 9.25855
-3.69772 0.604677 9.26375
-3.70005 0.585389 9.26895
-3.70226 0.566098 9.27415
-3.70436 0.546804 9.27935
-3.70634 0.527508 9.28456
-3.7082 0.508209 9.28976
-3.70994 0.488908 9.29497
-3.71156 0.469605 9.30018
-3.71307 0.4503 9.30539
-3.71446 0.430992 9.3106
-3.71573 0.411682 9.31581
-3.71689 0.392368 9.32104
-3.71793 0.373051 9.32626
-3.71885 0.353729 9.3315
-3.71966 0.334402 9.33674
-3.72035 0.31507 9.34199
-3.72092 0.295731 9.34725
-3.72137 0.276386 9.35253
-3.72171 0.257033 9.35782
-3.72194 0.237673 9.36312
-3.72204 0.218304 9.36845
-3.72203 0.198926 9.37379
-3.72191 0.179538 9.37915
-3.72167 0.160141 9.38453
-3.72131 0.140733 9.38992
-3.72084 0.121313 9.39533
-3.72026 0.101882 9.40075
-3.71955 0.0824384 9.40617
-3.71874 0.062982 9.4116
-3.71781 0.0435122 9.41702
-3.71677 0.0240284 9.42245
-3.71562 0.00453014 9.42786
-3.71435 -0.0149832 9.43326
-3.71297 -0.0345121 9.43865
-3.71148 -0.0540572 9.44402
-3.70988 -0.073619 9.44937
-3.70817 -0.093198 9.45469
-3.70635 -0.112794 9.45998
-3.70441 -0.132406 9.46526
-3.70237 -0.152032 9.47052
-3.70022 -0.171671 9.47578
-3.69795 -0.19132 9.48104
-3.69558 -0.210977 9.48632
-3.6931 -0.230642 9.49161
-3.6905 -0.250313 9.49692
-3.6878 -0.269987 9.50227
-3.68499 -0.289663 9.50765
-3.68207 -0.309339 9.51309
-3.67904 -0.329014 9.51858
-3.6759 -0.348686 9.52413
-3.67265 -0.368354 9.52975
-3.66929 -0.388016 9.53544
-3.66582 -0.407676 9.54118
-3.66225 -0.427336 9.54698
-3.65856 -0.446996 9.55282
-3.65477 -0.46666 9.55869
-3.65087 -0.486328 9.56459
-3.64686 -0.506004 9.57049
-3.64274 -0.525688 9.57641
-3.63851 -0.545383 9.58232
-3.63417 -0.565091 9.58822
-3.62973 -0.584814 9.59409
-3.62518 -0.604552 9.59994
-3.62052 -0.62431 9.60575
-3.61575 -0.644087 9.61151
-3.61087 -0.663883 9.61723
-3.60588 -0.683697 9.62291
-3.60078 -0.703529 9.62856
-3.59558 -0.723376 9.63419
-3.59027 -0.743239 9.63979
-3.58485 -0.763117 9.64538
-3.57932 -0.783008 9.65096
-3.57368 -0.802911 9.65653
-3.56793 -0.822826 9.6621
-3.56208 -0.842751 9.66767
-3.55611 -0.862686 9.67325
-3.55004 -0.88263 9.67885
-3.54386 -0.902582 9.68447
-3.53757 -0.922539 9.69011
-3.53117 -0.9425 9.69577
-3.52466 -0.962462 9.70146
-3.51805 -0.982425 9.70717
-3.51134 -1.00238 9.7129
-3.50451 -1.02234 9.71867
-3.49759 -1.04229 9.72447
-3.49056 -1.06223 9.73029
-3.48343 -1.08216 9.73615
-3.47619 -1.10208 9.74204
-3.46885 -1.12198 9.74797
-3.46142 -1.14187 9.75394
-3.45388 -1.16174 9.75994
-3.44624 -1.1816 9.76596
-3.4385 -1.20144 9.77201
-3.43065 -1.22126 9.77805
-3.42271 -1.24107 9.7841
-3.41467 -1.26087 9.79012
-3.40653 -1.28066 9.79613
-3.39829 -1.30044 9.80209
-3.38994 -1.32022 9.80801
-3.3815 -1.33998 9.81387
-3.37295 -1.35975 9.81966
-3.36431 -1.3795 9.82537
-3.35556 -1.39926 9.831
-3.34672 -1.41901 9.83654
-3.33778 -1.43875 9.84201
-3.32874 -1.45847 9.84742
-3.31962 -1.47817 9.85279
-3.3104 -1.49784 9.85814
-3.3011 -1.51747 9.86348
-3.29172 -1.53706 9.86882
-3.28225 -1.5566 9.87419
-3.2727 -1.57609 9.87959
-3.26308 -1.59552 9.88504
-3.25339 -1.61488 9.89056
-3.24362 -1.63417 9.89616
-3.23378 -1.65338 9.90185
-3.22388 -1.67251 9.90762
-3.2139 -1.69157 9.91348
-3.20385 -1.71055 9.91939
-3.19372 -1.72947 9.92536
-3.18351 -1.74831 9.93137
-3.17323 -1.76709 9.93742
-3.16287 -1.7858 9.94348
-3.15242 -1.80445 9.94956
-3.1419 -1.82304 9.95564
-3.13128 -1.84156 9.96171
-3.12058 -1.86003 9.96775
-3.10979 -1.87845 9.97377
-3.09892 -1.8968 9.97975
-3.08795 -1.91511 9.98569
-3.0769 -1.93335 9.9916
-3.06576 -1.95154 9.99748
-3.05452 -1.96967 10.0033
-3.0432 -1.98773 10.0092
-3.0318 -2.00574 10.0149
-3.0203 -2.02369 10.0207
-3.00871 -2.04157 10.0265
-2.99704 -2.05939 10.0322
-2.98528 -2.07715 10.0379
-2.97343 -2.09484 10.0435
-2.96149 -2.11246 10.0492
-2.94946 -2.13002 10.0548
-2.93735 -2.1475 10.0605
-2.92516 -2.16492 10.0661
-2.91288 -2.18225 10.0718
-2.90052 -2.19951 10.0775
-2.88807 -2.21668 10.0832
-2.87555 -2.23377 10.0889
-2.86295 -2.25077 10.0947
-2.85027 -2.26768 10.1005
-2.83752 -2.2845 10.1064
-2.82468 -2.30122 10.1124
-2.81178 -2.31785 10.1184
-2.7988 -2.33438 10.1245
-2.78574 -2.35081 10.1306
-2.7726 -2.36715 10.1368
-2.75938 -2.3834 10.143
-2.74608 -2.39957 10.1493
-2.73268 -2.41565 10.1555
-2.7192 -2.43165 10.1617
-2.70562 -2.44756 10.168
-2.69195 -2.46341 10.1741
-2.67818 -2.47917 10.1802
-2.66431 -2.49487 10.1863
-2.65034 -2.5105 10.1923
-2.63626 -2.52606 10.1982
-2.62208 -2.54155 10.204
-2.6078 -2.55697 10.2097
-2.59341 -2.57232 10.2154
-2.57893 -2.5876 10.221
-2.56435 -2.6028 10.2265
-2.54967 -2.61792 10.232
-2.53489 -2.63295 10.2374
-2.52002 -2.64791 10.2429
-2.50506 -2.66278 10.2482
-2.49001 -2.67756 10.2536
-2.47486 -2.69225 10.2589
-2.45963 -2.70686 10.2643
-2.44431 -2.72136 10.2696
-2.4289 -2.73578 10.275
-2.41341 -2.75009 10.2803
-2.39784 -2.76431 10.2857
-2.38219 -2.77843 10.291
-2.36646 -2.79245 10.2965
-2.35065 -2.80637 10.3019
-2.33477 -2.82019 10.3074
-2.31881 -2.8339 10.3129
-2.30277 -2.8475 10.3185
-2.28667 -2.861 10.3242
-2.2705 -2.87439 10.3299
-2.25426 -2.88767 10.3356
-2.23795 -2.90084 10.3415
-2.22156 -2.91391 10.3473
-2.2051 -2.92687 10.3532
-2.18856 -2.93974 10.3592
-2.17193 -2.95251 10.3651
-2.15522 -2.96519 10.371
-2.13842 -2.97778 10.3769
-2.12153 -2.99028 10.3827
-2.10454 -3.00269 10.3885
-2.08746 -3.01502 10.3942
-2.07028 -3.02728 10.3999
-2.05299 -3.03945 10.4054
-2.0356 -3.05155 10.4109
-2.01812 -3.06357 10.4163
-2.00055 -3.0755 10.4216
-1.98289 -3.08734 10.4269
-1.96516 -3.09909 10.4322
-1.94735 -3.11075 10.4375
-1.92949 -3.12231 10.4429
-1.91156 -3.13377 10.4483
-1.89358 -3.14512 10.4537
-1.87556 -3.15636 10.4592
-1.85749 -3.16749 10.4648
-1.8394 -3.1785 10.4706
-1.82127 -3.18939 10.4764
-1.80311 -3.20017 10.4824
-1.78492 -3.21082 10.4885
-1.76668 -3.22137 10.4947
-1.74841 -3.2318 10.5009
-1.73009 -3.24212 10.5072
-1.71171 -3.25233 10.5135
-1.69328 -3.26243 10.5198
-1.67479 -3.27243 10.5261
-1.65624 -3.28233 10.5323
-1.63762 -3.29212 10.5385
-1.61894 -3.30181 10.5446
-1.60017 -3.3114 10.5506
-1.58134 -3.32089 10.5565
-1.56243 -3.33029 10.5623
-1.54346 -3.33957 10.568
-1.52443 -3.34876 10.5737
-1.50534 -3.35783 10.5793
-1.4862 -3.3668 10.5848
-1.46701 -3.37565 10.5902
-1.44778 -3.38438 10.5957
-1.42851 -3.393 10.6011
-1.4092 -3.4015 10.6064
-1.38987 -3.40988 10.6118
-1.37051 -3.41814 10.6172
-1.35113 -3.42627 10.6225
-1.33173 -3.43427 10.6279
-1.31231 -3.44214 10.6333
-1.29288 -3.44989 10.6386
-1.27343 -3.45751 10.644
-1.25397 -3.46499 10.6494
-1.2345 -3.47235 10.6548
-1.21503 -3.47957 10.6602
-1.19554 -3.48666 10.6656
-1.17606 -3.49362 10.671
-1.15657 -3.50045 10.6764
-1.13708 -3.50713 10.6818
-1.11759 -3.51369 10.6873
-1.09811 -3.52011 10.6927
-1.07863 -3.52639 10.6982
-1.05915 -3.53253 10.7036
-1.03967 -3.53854 10.7091
-1.0202 -3.54442 10.7145
-1.00073 -3.55016 10.72
-0.981265 -3.55576 10.7254
-0.961802 -3.56124 10.7309
-0.942341 -3.56658 10.7363
-0.922882 -3.57178 10.7418
-0.903427 -3.57685 10.7472
-0.883974 -3.58179 10.7527
-0.864525 -3.5866 10.7581
-0.845078 -3.59128 10.7636
-0.825633 -3.59582 10.769
-0.806191 -3.60024 10.7744
-0.786752 -3.60452 10.7798
-0.767314 -3.60868 10.7852
-0.747879 -3.6127 10.7906
-0.728445 -3.6166 10.796
-0.709013 -3.62037 10.8014
-0.689582 -3.62401 10.8067
-0.670153 -3.62753 10.8121
-0.650725 -3.63091 10.8174
-0.631297 -3.63418 10.8228
-0.611871 -3.63731 10.8281
-0.592446 -3.64032 10.8335
-0.57302 -3.64321 10.8388
-0.553596 -3.64598 10.8441
-0.534171 -3.64862 10.8494
-0.514746 -3.65113 10.8547
-0.49532 -3.65353 10.86
-0.475894 -3.6558 10.8654
-0.456467 -3.65795 10.8707
-0.437039 -3.65998 10.876
-0.41761 -3.66189 10.8814
-0.39818 -3.66368 10.8867
-0.378747 -3.66535 10.8921
-0.359313 -3.66691 10.8974
-0.339876 -3.66834 10.9028
-0.320437 -3.66966 10.9083
-0.300995 -3.67085 10.9137
-0.281548 -3.67193 10.9191
-0.262096 -3.6729 10.9246
-0.242638 -3.67374 10.93
-0.223171 -3.67447 10.9355
-0.203697 -3.67508 10.941
-0.184212 -3.67558 10.9464
-0.164717 -3.67596 10.9519
-0.14521 -3.67623 10.9573
-0.125691 -3.67638 10.9628
-0.106157 -3.67641 10.9682
-0.0866087 -3.67633 10.9736
-0.0670442 -3.67614 10.979
-0.0474631 -3.67583 10.9843
-0.0278658 -3.67541 10.9896
-0.00825271 -3.67487 10.995
0.0113756 -3.67422 11.0003
0.0310185 -3.67346 11.0056
0.0506755 -3.67258 11.0108
0.0703462 -3.67159 11.0161
0.0900298 -3.67049 11.0214
0.109726 -3.66927 11.0267
0.129434 -3.66794 11.032
0.149154 -3.6665 11.0374
0.168884 -3.66494 11.0427
0.188625 -3.66327 11.0481
0.208376 -3.66149 11.0535
0.228136 -3.65959 11.0589
0.247906 -3.65759 11.0644
0.267687 -3.65547 11.0699
0.287478 -3.65323 11.0754
0.307279 -3.65089 11.0809
0.327091 -3.64843 11.0864
0.346913 -3.64586 11.092
0.366747 -3.64318 11.0976
0.386592 -3.64038 11.1031
0.406448 -3.63747 11.1087
0.426316 -3.63445 11.1143
0.446196 -3.63131 11.1199
0.466087 -3.62807 11.1254
0.485991 -3.62471 11.131
0.505905 -3.62123 11.1366
0.52583 -3.61765 11.1421
0.545764 -3.61395 11.1477
0.565708 -3.61014 11.1533
0.585659 -3.60622 11.1588
0.605617 -3.60219 11.1644
0.625582 -3.59804 11.17
0.645552 -3.59379 11.1755
0.665527 -3.58943 11.1811
0.685506 -3.58495 11.1867
0.705489 -3.58037 11.1922
0.725474 -3.57567 11.1978
0.74546 -3.57087 11.2034
0.765447 -3.56595 11.2089
0.785432 -3.56093 11.2145
0.805414 -3.5558 11.2201
0.825392 -3.55056 11.2257
0.845364 -3.54522 11.2313
0.865328 -3.53976 11.2369
0.885284 -3.5342 11.2425
0.905229 -3.52854 11.2481
0.925163 -3.52277 11.2537
0.945083 -3.51689 11.2593
0.964989 -3.51091 11.2649
0.984878 -3.50483 11.2706
1.00475 -3.49864 11.2762
1.0246 -3.49234 11.2818
1.04444 -3.48595 11.2874
1.06425 -3.47945 11.2931
1.08403 -3.47285 11.2987
1.10379 -3.46615 11.3044
1.12353 -3.45935 11.31
1.14324 -3.45245 11.3157
1.16292 -3.44545 11.3214
1.18257 -3.43835 11.327
1.20218 -3.43115 11.3327
1.22177 -3.42385 11.3384
1.24132 -3.41646 11.3441
1.26083 -3.40897 11.3498
1.2803 -3.40139 11.3555
1.29974 -3.39371 11.3612
1.31913 -3.38593 11.367
1.33848 -3.37806 11.3727
1.35779 -3.3701 11.3785
1.37705 -3.36204 11.3842
1.39626 -3.35389 11.39
1.41542 -3.34565 11.3958
1.43453 -3.33732 11.4016
1.45359 -3.3289 11.4074
1.4726 -3.32039 11.4132
1.49154 -3.31179 11.419
1.51044 -3.30311 11.4248
1.52927 -3.29433 11.4307
1.54806 -3.28547 11.4365
1.56678 -3.27652 11.4423
1.58545 -3.26749 11.4481
1.60406 -3.25836 11.454
1.62261 -3.24916 11.4598
1.6411 -3.23986 11.4656
1.65954 -3.23049 11.4714
1.67792 -3.22103 11.4772
1.69623 -3.21149 11.4829
1.71449 -3.20186 11.4886
1.73269 -3.19215 11.4944
1.75082 -3.18236 11.5001
1.76889 -3.1725 11.5058
1.78689 -3.16255 11.5115
1.80483 -3.15253 11.5172
1.82269 -3.14243 11.5228
1.84049 -3.13225 11.5286
1.85821 -3.12201 11.5343
1.87586 -3.11168 11.54
1.89343 -3.10129 11.5458
1.91093 -3.09083 11.5515
1.92834 -3.08029 11.5573
1.94568 -3.06969 11.5632
1.96294 -3.05902 11.569
1.98013 -3.04827 11.5749
1.99724 -3.03746 11.5807
2.01428 -3.02657 11.5866
2.03125 -3.01561 11.5924
2.04815 -3.00457 11.5983
2.06498 -2.99346 11.6041
2.08174 -2.98227 11.6098
2.09844 -2.97101 11.6155
2.11508 -2.95967 11.6212
2.13165 -2.94825 11.6268
2.14816 -2.93676 11.6324
2.16461 -2.92519 11.6379
2.18099 -2.91354 11.6433
2.1973 -2.90182 11.6487
2.21354 -2.89002 11.6541
2.2297 -2.87815 11.6594
2.24578 -2.86621 11.6647
2.26179 -2.8542 11.67
2.27771 -2.84213 11.6752
2.29355 -2.82998 11.6805
2.3093 -2.81777 11.6858
2.32496 -2.80549 11.691
2.34053 -2.79316 11.6963
2.356 -2.78075 11.7016
2.37138 -2.76829 11.7069
2.38665 -2.75576 11.7122
2.40183 -2.74317 11.7175
2.4169 -2.73052 11.7229
2.43188 -2.71781 11.7282
2.44674 -2.70504 11.7336
2.46151 -2.69221 11.739
2.47616 -2.67932 11.7444
2.4907 -2.66637 11.7498
2.50514 -2.65337 11.7552
2.51946 -2.6403 11.7607
2.53366 -2.62718 11.7661
2.54776 -2.614 11.7716
2.56174 -2.60076 11.777
2.57562 -2.58745 11.7825
2.58938 -2.57409 11.7879
2.60304 -2.56065 11.7934
2.61659 -2.54716 11.7988
2.63003 -2.53359 11.8043
2.64338 -2.51996 11.8097
2.65662 -2.50625 11.8151
2.66975 -2.49248 11.8204
2.68279 -2.47863 11.8257
2.69573 -2.46471 11.831
2.70857 -2.45071 11.8363
2.72131 -2.43664 11.8415
2.73396 -2.4225 11.8467
2.7465 -2.40829 11.8519
2.75894 -2.39401 11.8571
2.77128 -2.37967 11.8623
2.78351 -2.36525 11.8676
2.79565 -2.35078 11.8728
2.80768 -2.33623 11.878
2.8196 -2.32163 11.8833
2.83143 -2.30697 11.8887
2.84315 -2.29225 11.894
2.85476 -2.27746 11.8995
2.86627 -2.26262 11.9049
2.87768 -2.24771 11.9104
2.889 -2.23273 11.9159
2.90023 -2.21769 11.9214
2.91136 -2.20256 11.9269
2.92241 -2.18736 11.9324
2.93338 -2.17208 11.9378
2.94427 -2.15672 11.9432
2.95508 -2.14126 11.9485
2.96582 -2.12572 11.9538
2.97649 -2.11009 11.959
2.98709 -2.09435 11.964
2.99762 -2.07853 11.969
3.00809 -2.06261 11.974
3.01848 -2.0466 11.9788
3.0288 -2.0305 11.9836
3.03904 -2.01433 11.9884
3.04921 -1.99807 11.9931
3.05929 -1.98174 11.9978
3.06928 -1.96533 12.0026
3.07919 -1.94886 12.0073
3.08901 -1.93232 12.0121
3.09874 -1.91572 12.0169
3.10838 -1.89906 12.0218
3.11792 -1.88235 12.0268
3.12736 -1.86557 12.0318
3.13671 -1.84874 12.0368
3.14596 -1.83185 12.042
3.15511 -1.8149 12.0471
3.16417 -1.79789 12.0524
3.17313 -1.78082 12.0576
3.18199 -1.76369 12.0629
3.19076 -1.74649 12.0682
3.19943 -1.72922 12.0736
3.208 -1.71189 12.079
3.21648 -1.69449 12.0844
3.22486 -1.67703 12.0898
3.23314 -1.6595 12.0952
3.24133 -1.64189 12.1007
3.24942 -1.62423 12.1061
3.25741 -1.60649 12.1116
3.2653 -1.58869 12.1171
3.2731 -1.57082 12.1225
3.2808 -1.55289 12.128
3.2884 -1.5349 12.1335
3.2959 -1.51684 12.139
3.30331 -1.49871 12.1445
3.31061 -1.48052 12.15
3.31782 -1.46227 12.1555
3.32493 -1.44396 12.161
3.33194 -1.42559 12.1666
3.33885 -1.40716 12.1721
3.34566 -1.38867 12.1776
3.35237 -1.37013 12.1831
3.35899 -1.35153 12.1887
3.3655 -1.33288 12.1942
3.37191 -1.31418 12.1997
3.37821 -1.29543 12.2053
3.38442 -1.27664 12.2108
3.39052 -1.2578 12.2164
3.39652 -1.23891 12.2219
3.40242 -1.21998 12.2275
3.40821 -1.20102 12.233
3.4139 -1.18201 12.2386
3.41948 -1.16297 12.2442
3.42497 -1.1439 12.2498
3.43035 -1.12479 12.2553
3.43562 -1.10566 12.2609
3.44079 -1.08649 12.2665
3.44586 -1.06731 12.2721
3.45083 -1.04809 12.2776
3.45569 -1.02886 12.2832
3.46045 -1.00961 12.2887
3.46511 -0.99034 12.2943
3.46966 -0.971056 12.2999
3.47411 -0.951758 12.3054
3.47846 -0.932446 12.3109
3.4827 -0.913123 12.3165
3.48684 -0.89379 12.322
3.49088 -0.874446 12.3275
3.49482 -0.855095 12.3331
3.49865 -0.835736 12.3386
3.50239 -0.81637 12.3441
3.50602 -0.797 12.3496
3.50954 -0.777626 12.3551
3.51297 -0.758248 12.3606
3.5163 -0.738869 12.3661
3.51952 -0.719489 12.3716
3.52264 -0.700106 12.3771
3.52566 -0.680719 12.3826
3.52859 -0.661328 12.388
3.53142 -0.641931 12.3935
3.53415 -0.622527 12.3989
3.53678 -0.603116 12.4042
3.53932 -0.583695 12.4096
3.54177 -0.564264 12.4149
3.54412 -0.544822 12.4201
3.54638 -0.525367 12.4253
3.54855 -0.505898 12.4305
3.55063 -0.486415 12.4356
3.55262 -0.466917 12.4406
3.55452 -0.447405 12.4456
3.55634 -0.427881 12.4506
3.55806 -0.408348 12.4555
3.55969 -0.388809 12.4604
3.56124 -0.369266 12.4653
3.56269 -0.349722 12.4702
3.56405 -0.330178 12.4751
3.56533 -0.310638 12.4801
3.56651 -0.291104 12.485
3.5676 -0.271578 12.4901
3.56859 -0.252063 12.4952
3.5695 -0.232561 12.5004
3.57031 -0.213074 12.5057
3.57104 -0.193604 12.5111
3.57167 -0.174149 12.5165
3.5722 -0.154707 12.5221
3.57265 -0.135276 12.5277
3.57301 -0.115854 12.5333
3.57328 -0.0964397 12.539
3.57346 -0.0770302 12.5448
3.57355 -0.0576241 12.5506
3.57355 -0.0382195 12.5564
3.57346 -0.0188144 12.5623
3.57329 0.000592947 12.5681
3.57303 0.0200046 12.574
3.57268 0.0394224 12.5798
3.57224 0.0588482 12.5856
3.57172 0.0782826 12.5914
3.57111 0.0977254 12.5972
3.57042 0.117177 12.603
3.56963 0.136636 12.6088
3.56876 0.156103 12.6146
3.56781 0.175579 12.6203
3.56676 0.195062 12.6261
3.56563 0.214552 12.6318
3.56441 0.234051 12.6375
3.5631 0.253556 12.6433
3.5617 0.273069 12.649
3.56022 0.292589 12.6547
3.55864 0.312115 12.6605
3.55698 0.331649 12.6662
3.55522 0.35119 12.672
3.55338 0.370738 12.6777
3.55145 0.390295 12.6835
3.54942 0.409861 12.6892
3.54731 0.429435 12.695
3.54511 0.449019 12.7008
3.54282 0.468612 12.7065
3.54043 0.488216 12.7123
3.53796 0.50783 12.718
3.53539 0.527456 12.7238
3.53274 0.547093 12.7295
3.52999 0.566742 12.7352
3.52715 0.586403 12.7409
3.52422 0.606077 12.7467
3.52119 0.625764 12.7524
3.51807 0.645466 12.7581
3.51486 0.665181 12.7637
3.51155 0.684911 12.7694
3.50814 0.704656 12.7751
3.50463 0.724418 12.7808
3.50103 0.744195 12.7865
3.49732 0.763989 12.7921
3.49352 0.7838 12.7978
3.48961 0.803629 12.8034
3.4856 0.823476 12.8091
3.48148 0.843342 12.8148
3.47726 0.863227 12.8204
3.47294 0.883129 12.8261
3.46851 0.903046 12.8317
3.46397 0.922979 12.8374
3.45933 0.942924 12.843
3.45458 0.96288 12.8487
3.44973 0.982846 12.8544
3.44477 1.00282 12.8601
3.4397 1.0228 12.8658
3.43452 1.04279 12.8715
3.42924 1.06278 12.8773
3.42385 1.08277 12.883
3.41835 1.10276 12.8888
3.41275 1.12276 12.8946
3.40703 1.14275 12.9004
3.40121 1.16274 12.9062
3.39527 1.18272 12.9121
3.38922 1.20271 12.9179
3.38307 1.2227 12.9237
3.3768 1.24268 12.9296
3.37041 1.26266 12.9354
3.36392 1.28263 12.9412
3.35731 1.30261 12.9469
3.35058 1.32258 12.9527
3.34374 1.34254 12.9584
3.33678 1.36251 12.9641
3.32971 1.38247 12.9697
3.32252 1.40241 12.9753
3.31522 1.42235 12.9809
3.3078 1.44227 12.9864
3.30026 1.46217 12.992
3.29262 1.48205 12.9975
3.28486 1.5019 13.003
3.27699 1.52171 13.0086
3.26901 1.54149 13.0141
3.26091 1.56124 13.0197
3.25271 1.58094 13.0253
3.2444 1.60059 13.0309
3.23597 1.62019 13.0366
3.22744 1.63975 13.0423
3.2188 1.65924 13.048
3.21004 1.67869 13.0537
3.20118 1.69808 13.0595
3.1922 1.71741 13.0653
3.18311 1.73669 13.0711
3.1739 1.75591 13.077
3.16458 1.77507 13.0828
3.15514 1.79417 13.0887
3.14558 1.8132 13.0946
3.13591 1.83218 13.1005
3.12611 1.85109 13.1064
3.1162 1.86994 13.1123
3.10617 1.88872 13.1182
3.09601 1.90745 13.1241
3.08574 1.9261 13.13
3.07534 1.9447 13.1359
3.06481 1.96323 13.1417
3.05416 1.98171 13.1476
3.04339 2.00012 13.1534
3.03249 2.01847 13.1592
3.02146 2.03676 13.165
3.01031 2.05499 13.1707
2.99902 2.07316 13.1764
2.98761 2.09127 13.1821
2.97607 2.10932 13.1877
2.9644 2.1273 13.1934
2.95261 2.14522 13.1989
2.94069 2.16307 13.2045
2.92864 2.18086 13.2101
2.91647 2.19856 13.2156
2.90418 2.2162 13.2212
2.89177 2.23375 13.2268
2.87924 2.25123 13.2324
2.8666 2.26862 13.238
2.85383 2.28593 13.2436
2.84095 2.30315 13.2493
2.82795 2.32028 13.255
2.81484 2.33733 13.2608
2.80162 2.35428 13.2666
2.78827 2.37115 13.2724
2.77481 2.38793 13.2783
2.76124 2.40461 13.2842
2.74754 2.42121 13.2901
2.73374 2.43772 13.296
2.71981 2.45414 13.3019
2.70577 2.47047 13.3078
2.69161 2.48672 13.3138
2.67733 2.50287 13.3197
2.66293 2.51893 13.3256
2.64842 2.53491 13.3316
2.63379 2.55079 13.3375
2.61904 2.56659 13.3435
2.60417 2.58229 13.3494
2.58919 2.59791 13.3553
2.57409 2.61343 13.3612
2.55887 2.62886 13.3671
2.54354 2.6442 13.3731
2.52809 2.65945 13.379
2.51253 2.67461 13.3849
2.49685 2.68968 13.3907
2.48105 2.70465 13.3966
2.46514 2.71953 13.4025
2.44911 2.73432 13.4084
2.43297 2.74901 13.4143
2.41673 2.76361 13.4201
2.40037 2.77811 13.426
2.3839 2.79252 13.4319
2.36733 2.80683 13.4378
2.35065 2.82104 13.4437
2.33387 2.83515 13.4496
2.31698 2.84916 13.4556
2.3 2.86307 13.4616
2.28292 2.87688 13.4675
2.26573 2.89058 13.4736
2.24845 2.90418 13.4796
2.23108 2.91768 13.4857
2.21361 2.93108 13.4917
2.19604 2.94438 13.4978
2.17838 2.95757 13.5039
2.16063 2.97066 13.51
2.14279 2.98365 13.5161
2.12485 2.99654 13.5222
2.10682 3.00932 13.5283
2.08871 3.022 13.5344
2.0705 3.03458 13.5405
2.05221 3.04706 13.5466
2.03383 3.05944 13.5526
2.01537 3.07171 13.5587
1.99683 3.08388 13.5647
1.97821 3.09595 13.5707
1.95952 3.1079 13.5766
1.94076 3.11975 13.5826
1.92193 3.13149 13.5886
1.90304 3.14313 13.5945
1.88409 3.15464 13.6005
1.86508 3.16605 13.6064
1.84602 3.17734 13.6123
1.82691 3.18852 13.6183
1.80775 3.19959 13.6242
1.78855 3.21053 13.6301
1.76931 3.22136 13.636
1.75003 3.23207 13.6419
1.73071 3.24267 13.6478
1.71135 3.25315 13.6537
1.69196 3.26351 13.6596
1.67254 3.27375 13.6655
1.65309 3.28388 13.6714
1.63361 3.29388 13.6773
1.61411 3.30377 13.6832
1.59459 3.31354 13.6891
1.57504 3.32319 13.695
1.55548 3.33272 13.7008
1.5359 3.34214 13.7067
1.5163 3.35143 13.7126
1.49669 3.36061 13.7184
1.47706 3.36967 13.7243
1.45741 3.37861 13.7301
1.43775 3.38743 13.7359
1.41808 3.39614 13.7417
1.39839 3.40474 13.7475
1.37869 3.41322 13.7532
1.35898 3.42158 13.759
1.33926 3.42983 13.7647
1.31952 3.43796 13.7704
1.29978 3.44598 13.7761
1.28002 3.45389 13.7817
1.26026 3.46168 13.7874
1.24049 3.46937 13.793
1.22071 3.47693 13.7986
1.20092 3.48439 13.8042
1.18112 3.49173 13.8098
1.16131 3.49897 13.8154
1.1415 3.50608 13.821
1.12168 3.51309 13.8266
1.10185 3.51999 13.8322
1.08202 3.52678 13.8378
1.06218 3.53345 13.8434
1.04234 3.54001 13.8491
1.02249 3.54647 13.8548
1.00263 3.55281 13.8605
0.982766 3.55904 13.8662
0.962895 3.56515 13.8719
0.943017 3.57116 13.8776
0.923132 3.57705 13.8833
0.903239 3.58283 13.889
0.883338 3.58849 13.8947
0.863428 3.59404 13.9004
0.84351 3.59948 13.9061
0.823583 3.6048 13.9118
0.803646 3.61001 13.9174
0.783701 3.6151 13.923
0.763748 3.62008 13.9286
0.743788 3.62494 13.9342
0.723823 3.62968 13.9398
0.703854 3.6343 13.9454
0.683883 3.6388 13.9509
0.663909 3.64318 13.9564
0.643936 3.64744 13.962
0.623963 3.65157 13.9675
0.603992 3.65558 13.973
0.584025 3.65947 13.9784
0.564062 3.66323 13.9839
0.544106 3.66687 13.9894
0.524156 3.67037 13.9948
0.504213 3.67375 14.0003
0.484278 3.677 14.0057
0.464352 3.68012 14.0111
0.444434 3.6831 14.0165
0.424527 3.68596 14.022
0.404629 3.68868 14.0274
0.384742 3.69127 14.0328
0.364867 3.69373 14.0382
0.345004 3.69605 14.0436
0.325154 3.69824 14.049
0.305316 3.70029 14.0544
0.285492 3.70221 14.0598
0.265682 3.70398 14.0652
0.245884 3.70562 14.0706
0.226099 3.70712 14.076
0.206325 3.70849 14.0814
0.186563 3.70971 14.0869
0.166812 3.7108 14.0923
0.147071 3.71174 14.0977
0.12734 3.71255 14.1031
0.107618 3.71322 14.1085
0.0879056 3.71375 14.1139
0.0682014 3.71414 14.1193
0.0485051 3.71438 14.1248
0.0288164 3.71449 14.1302
0.00913499 3.71445 14.1356
-0.0105393 3.71428 14.141
-0.0302067 3.71396 14.1464
-0.0498675 3.7135 14.1518
-0.0695218 3.7129 14.1573
-0.08917 3.71216 14.1627
-0.108812 3.71127 14.1681
-0.128449 3.71025 14.1735
-0.14808 3.70908 14.1789
-0.167706 3.70776 14.1843
-0.187326 3.70631 14.1897
-0.206942 3.70471 14.1951
-0.226552 3.70297 14.2004
-0.246154 3.70108 14.2058
-0.265747 3.69906 14.2112
-0.28533 3.69689 14.2167
-0.304901 3.69458 14.2221
-0.324459 3.69212 14.2276
-0.344002 3.68953 14.2331
-0.363529 3.68679 14.2387
-0.383038 3.68391 14.2443
-0.402529 3.68089 14.25
-0.421999 3.67773 14.2557
-0.441447 3.67443 14.2615
-0.460875 3.67099 14.2673
-0.480284 3.6674 14.2732
-0.499679 3.66368 14.2792
-0.519063 3.65982 14.2852
-0.538438 3.65581 14.2912
-0.557808 3.65166 14.2972
-0.577176 3.64738 14.3032
-0.596546 3.64295 14.3092
-0.61592 3.63838 14.3152
-0.635302 3.63367 14.3211
-0.654695 3.62882 14.327
-0.674101 3.62383 14.3328
-0.693525 3.6187 14.3386
-0.712963 3.61342 14.3443
-0.732415 3.60801 14.3499
-0.751878 3.60246 14.3555
-0.771349 3.59677 14.361
-0.790828 3.59094 14.3665
-0.81031 3.58498 14.372
-0.829795 3.57888 14.3774
-0.84928 3.57265 14.3828
-0.868763 3.56628 14.3883
-0.888241 3.55978 14.3937
-0.907713 3.55314 14.3991
-0.927177 3.54638 14.4045
-0.94663 3.53948 14.41
-0.966074 3.53245 14.4154
-0.985508 3.52529 14.4209
-1.00493 3.518 14.4264
-1.02435 3.51058 14.4319
-1.04375 3.50303 14.4374
-1.06314 3.49534 14.443
-1.08253 3.48753 14.4485
-1.1019 3.47959 14.4541
-1.12127 3.47152 14.4596
-1.14062 3.46333 14.4652
-1.15997 3.455 14.4708
-1.1793 3.44655 14.4764
-1.19863 3.43796 14.4819
-1.21794 3.42926 14.4875
-1.23725 3.42042 14.4932
-1.25655 3.41147 14.4988
-1.27584 3.40238 14.5044
-1.29513 3.39318 14.51
-1.3144 3.38385 14.5156
-1.33368 3.3744 14.5212
-1.35294 3.36483 14.5268
-1.3722 3.35514 14.5324
-1.39146 3.34533 14.5381
-1.41071 3.3354 14.5437
-1.42996 3.32535 14.5493
-1.44919 3.31519 14.5549
-1.46842 3.30492 14.5605
-1.48762 3.29453 14.5661
-1.50681 3.28403 14.5718
-1.52597 3.27343 14.5776
-1.54511 3.26272 14.5833
-1.56422 3.2519 14.5892
-1.58329 3.24099 14.5951
-1.60232 3.22997 14.601
-1.62131 3.21885 14.6071
-1.64026 3.20763 14.6133
-1.65916 3.19632 14.6195
-1.67801 3.18492 14.6259
-1.69682 3.17341 14.6323
-1.71559 3.16181 14.6388
-1.73431 3.15011 14.6453
-1.753 3.13831 14.6518
-1.77165 3.1264 14.6584
-1.79027 3.1144 14.665
-1.80886 3.10229 14.6716
-1.82742 3.09008 14.6782
-1.84595 3.07776 14.6847
-1.86446 3.06534 14.6912
-1.88294 3.05281 14.6976
-1.90141 3.04018 14.704
-1.91984 3.02743 14.7103
-1.93825 3.01459 14.7166
-1.95663 3.00164 14.7227
-1.97497 2.98859 14.7289
-1.99328 2.97544 14.735
-2.01155 2.96219 14.741
-2.02978 2.94884 14.7471
-2.04796 2.9354 14.7531
-2.06609 2.92186 14.759
-2.08418 2.90823 14.7649
-2.10221 2.89451 14.7708
-2.12018 2.88069 14.7767
-2.1381 2.86679 14.7826
-2.15595 2.8528 14.7885
-2.17374 2.83872 14.7944
-2.19147 2.82456 14.8002
-2.20912 2.81031 14.8061
-2.2267 2.79598 14.812
-2.24421 2.78158 14.8179
-2.26164 2.76709 14.8238
-2.27898 2.75252 14.8298
-2.29625 2.73788 14.8358
-2.31343 2.72316 14.8418
-2.33051 2.70837 14.8479
-2.34751 2.69351 14.8541
-2.36442 2.67857 14.8602
-2.38124 2.66356 14.8664
-2.39796 2.64848 14.8727
-2.41459 2.63332 14.879
-2.43112 2.61808 14.8853
-2.44756 2.60277 14.8916
-2.4639 2.58738 14.8979
-2.48015 2.57192 14.9043
-2.4963 2.55638 14.9106
-2.51235 2.54076 14.917
-2.5283 2.52506 14.9234
-2.54416 2.50929 14.9298
-2.55991 2.49344 14.9361
-2.57556 2.47751 14.9425
-2.5911 2.4615 14.9489
-2.60654 2.44542 14.9552
-2.62187 2.42927 14.9616
-2.63708 2.41304 14.968
-2.65219 2.39675 14.9743
-2.66717 2.38038 14.9807
-2.68205 2.36394 14.9871
-2.6968 2.34743 14.9935
-2.71143 2.33086 14.9998
-2.72594 2.31422 15.0062
-2.74032 2.29751 15.0126
-2.75459 2.28073 15.019
-2.76873 2.26389 15.0254
-2.78275 2.24699 15.0317
-2.79665 2.23001 15.0381
-2.81043 2.21297 15.0444
-2.8241 2.19587 15.0508
-2.83765 2.17869 15.0571
-2.85108 2.16145 15.0634
-2.8644 2.14415 15.0696
-2.87761 2.12677 15.0758
-2.8907 2.10933 15.082
-2.90369 2.09183 15.0882
-2.91656 2.07426 15.0943
-2.92932 2.05662 15.1004
-2.94197 2.03892 15.1064
-2.95451 2.02116 15.1125
-2.96693 2.00335 15.1185
-2.97925 1.98547 15.1245
-2.99145 1.96754 15.1305
-3.00354 1.94955 15.1364
-3.01552 1.93151 15.1424
-3.02739 1.91342 15.1483
-3.03915 1.89528 15.1542
-3.0508 1.87709 15.1602
-3.06234 1.85885 15.1661
-3.07377 1.84056 15.172
-3.08508 1.82223 15.178
-3.09629 1.80384 15.1839
-3.1074 1.78541 15.1898
-3.1184 1.76693 15.1957
-3.12929 1.74841 15.2016
-3.14009 1.72983 15.2074
-3.15078 1.71121 15.2133
-3.16137 1.69254 15.2191
-3.17186 1.67382 15.2249
-3.18225 1.65505 15.2307
-3.19254 1.63624 15.2365
-3.20274 1.61738 15.2423
-3.21283 1.59848 15.248
-3.22283 1.57953 15.2537
-3.23273 1.56055 15.2595
-3.24254 1.54152 15.2652
-3.25224 1.52247 15.2709
-3.26185 1.50338 15.2767
-3.27135 1.48425 15.2824
-3.28076 1.4651 15.2882
-3.29007 1.44592 15.294
-3.29927 1.42672 15.2999
-3.30838 1.40749 15.3058
-3.31739 1.38824 15.3117
-3.32629 1.36897 15.3176
-3.3351 1.34967 15.3235
-3.34381 1.33034 15.3295
-3.35243 1.31099 15.3355
-3.36095 1.29162 15.3415
-3.36937 1.27221 15.3475
-3.37769 1.25277 15.3534
-3.38592 1.23331 15.3594
-3.39406 1.21381 15.3653
-3.4021 1.19428 15.3712
-3.41005 1.17472 15.377
-3.4179 1.15512 15.3829
-3.42567 1.13549 15.3886
-3.43334 1.11583 15.3944
-3.44091 1.09614 15.4001
-3.44839 1.07643 15.4058
-3.45577 1.0567 15.4114
-3.46306 1.03694 15.417
-3.47025 1.01717 15.4226
-3.47735 0.997379 15.4282
-3.48434 0.977576 15.4338
-3.49124 0.957762 15.4394
-3.49804 0.937939 15.4449
-3.50474 0.91811 15.4505
-3.51134 0.898277 15.456
-3.51783 0.878439 15.4616
-3.52423 0.858599 15.4671
-3.53053 0.838756 15.4726
-3.53673 0.818911 15.4782
-3.54283 0.799066 15.4837
-3.54882 0.779221 15.4893
-3.55472 0.759376 15.4949
-3.56052 0.739533 15.5004
-3.56622 0.719693 15.506
-3.57182 0.699855 15.5116
-3.57732 0.680021 15.5172
-3.58272 0.660191 15.5228
-3.58802 0.640366 15.5284
-3.59322 0.620544 15.534
-3.59832 0.600725 15.5396
-3.60332 0.580908 15.5452
-3.60823 0.561091 15.5508
-3.61304 0.541276 15.5565
-3.61776 0.521459 15.5621
-3.62238 0.501641 15.5676
-3.62691 0.481822 15.5732
-3.63134 0.461999 15.5788
-3.63568 0.442173 15.5843
-3.63992 0.422343 15.5898
-3.64408 0.402507 15.5953
-3.64814 0.382667 15.6008
-3.65211 0.362823 15.6062
-3.65599 0.342975 15.6117
-3.65977 0.323125 15.6171
-3.66346 0.303273 15.6225
-3.66706 0.28342 15.6279
-3.67057 0.263565 15.6333
-3.67399 0.243711 15.6387
-3.67731 0.223857 15.6442
-3.68054 0.204004 15.6496
-3.68367 0.184154 15.6551
-3.68672 0.164306 15.6606
-3.68967 0.14446 15.6661
-3.69253 0.124617 15.6717
-3.69529 0.104775 15.6772
-3.69796 0.0849336 15.6828
-3.70054 0.065092 15.6884
-3.70301 0.0452493 15.694
-3.7054 0.0254047 15.6996
-3.70769 0.00555732 15.7052
-3.70988 -0.0142936 15.7108
-3.71197 -0.0341488 15.7165
-3.71396 -0.0540092 15.722
-3.71586 -0.0738756 15.7276
-3.71766 -0.0937488 15.7332
-3.71935 -0.113629 15.7387
-3.72095 -0.133517 15.7443
-3.72245 -0.153412 15.7498
-3.72384 -0.173314 15.7553
-3.72514 -0.193223 15.7607
-3.72633 -0.213138 15.7662
-3.72741 -0.233061 15.7716
-3.72839 -0.252989 15.777
-3.72927 -0.272925 15.7824
-3.73004 -0.292867 15.7878
-3.73071 -0.312815 15.7932
-3.73126 -0.332769 15.7985
-3.73171 -0.352729 15.8038
-3.73205 -0.372694 15.8091
-3.73229 -0.392664 15.8144
-3.73241 -0.412638 15.8197
-3.73242 -0.432614 15.825
-3.73233 -0.452592 15.8302
-3.73212 -0.47257 15.8354
-3.7318 -0.492548 15.8407
-3.73138 -0.512525 15.8459
-3.73084 -0.532499 15.8511
-3.73018 -0.552471 15.8563
-3.72942 -0.572437 15.8615
-3.72854 -0.592399 15.8667
-3.72756 -0.612355 15.8719
-3.72645 -0.632303 15.8771
-3.72524 -0.652244 15.8823
-3.72391 -0.672178 15.8875
-3.72246 -0.692103 15.8927
-3.72091 -0.712019 15.8979
-3.71923 -0.731925 15.9031
-3.71744 -0.751822 15.9083
-3.71554 -0.771708 15.9135
-3.71352 -0.791583 15.9187
-3.71138 -0.811446 15.9239
-3.70912 -0.831297 15.9291
-3.70675 -0.851135 15.9343
-3.70426 -0.87096 15.9395
-3.70166 -0.890771 15.9447
-3.69893 -0.910568 15.9499
-3.69609 -0.930351 15.9551
-3.69312 -0.950119 15.9603
-3.69004 -0.969872 15.9655
-3.68684 -0.989609 15.9707
-3.68351 -1.00933 15.9759
-3.68007 -1.02904 15.9811
-3.67651 -1.04872 15.9863
-3.67282 -1.06839 15.9915
-3.66901 -1.08805 15.9967
-3.66509 -1.10768 16.0019
-3.66103 -1.1273 16.0071
-3.65686 -1.1469 16.0123
-3.65256 -1.16647 16.0175
-3.64814 -1.18603 16.0227
-3.6436 -1.20557 16.0279
-3.63893 -1.22508 16.0331
-3.63413 -1.24458 16.0382
-3.62922 -1.26405 16.0434
-3.62417 -1.2835 16.0486
-3.619 -1.30292 16.0538
-3.61371 -1.32232 16.059
-3.60828 -1.34169 16.0642
-3.60274 -1.36104 16.0694
-3.59706 -1.38036 16.0746
-3.59126 -1.39966 16.0798
-3.58533 -1.41892 16.0851
-3.57928 -1.43816 16.0903
-3.57309 -1.45737 16.0955
-3.56678 -1.47655 16.1007
-3.56035 -1.4957 16.1059
-3.55379 -1.51482 16.1112
-3.5471 -1.5339 16.1164
-3.54028 -1.55296 16.1217
-3.53334 -1.57198 16.1269
-3.52627 -1.59096 16.1322
-3.51908 -1.60991 16.1375
-3.51175 -1.62883 16.1427
-3.5043 -1.64771 16.148
-3.49673 -1.66656 16.1533
-3.48902 -1.68537 16.1586
-3.48119 -1.70415 16.1639
-3.47323 -1.72289 16.1692
-3.46514 -1.74159 16.1744
-3.45693 -1.76026 16.1797
-3.44858 -1.77888 16.1849
-3.44011 -1.79748 16.1901
-3.43151 -1.81603 16.1954
-3.42279 -1.83455 16.2006
-3.41393 -1.85302 16.2057
-3.40495 -1.87146 16.2109
-3.39584 -1.88985 16.2161
-3.38661 -1.90819 16.2213
-3.37725 -1.92649 16.2264
-3.36777 -1.94474 16.2316
-3.35817 -1.96294 16.2368
-3.34844 -1.98108 16.242
-3.33859 -1.99917 16.2473
-3.32862 -2.0172 16.2525
-3.31853 -2.03517 16.2578
-3.30832 -2.05308 16.2631
-3.29799 -2.07093 16.2684
-3.28754 -2.08872 16.2738
-3.27697 -2.10645 16.2792
-3.26628 -2.12411 16.2846
-3.25547 -2.14171 16.29
-3.24453 -2.15924 16.2954
-3.23347 -2.17671 16.3008
-3.22229 -2.19412 16.3062
-3.21098 -2.21146 16.3117
-3.19955 -2.22873 16.3171
-3.18799 -2.24594 16.3224
-3.17631 -2.26308 16.3278
-3.1645 -2.28015 16.3332
-3.15257 -2.29715 16.3385
-3.14052 -2.31408 16.3438
-3.12834 -2.33094 16.3491
-3.11604 -2.34772 16.3544
-3.10362 -2.36441 16.3596
-3.09108 -2.38103 16.3649
-3.07842 -2.39756 16.3702
-3.06564 -2.414 16.3754
-3.05275 -2.43036 16.3807
-3.03974 -2.44662 16.3859
-3.02662 -2.4628 16.3912
-3.01338 -2.47887 16.3965
-3.00003 -2.49485 16.4018
-2.98657 -2.51073 16.4071
-2.973 -2.5265 16.4124
-2.95931 -2.54218 16.4177
-2.94552 -2.55775 16.423
-2.93161 -2.57321 16.4283
-2.9176 -2.58857 16.4336
-2.90348 -2.60382 16.4389
-2.88925 -2.61896 16.4443
-2.87491 -2.63398 16.4496
-2.86046 -2.64889 16.4549
-2.84591 -2.66369 16.4603
-2.83125 -2.67837 16.4656
-2.81649 -2.69293 16.4709
-2.80163 -2.70737 16.4762
-2.78666 -2.7217 16.4816
-2.77159 -2.7359 16.4869
-2.75641 -2.74998 16.4922
-2.74114 -2.76394 16.4975
-2.72577 -2.77777 16.5029
-2.71031 -2.79147 16.5082
-2.69474 -2.80506 16.5135
-2.67908 -2.81851 16.5188
-2.66333 -2.83183 16.5241
-2.64748 -2.84503 16.5294
-2.63154 -2.85809 16.5347
-2.61551 -2.87103 16.54
-2.59938 -2.88383 16.5453
-2.58317 -2.8965 16.5506
-2.56686 -2.90904 16.5559
-2.55046 -2.92144 16.5612
-2.53398 -2.93371 16.5665
-2.51741 -2.94584 16.5718
-2.50074 -2.95784 16.5771
-2.484 -2.9697 16.5824
-2.46716 -2.98143 16.5877
-2.45024 -2.99301 16.593
-2.43323 -3.00446 16.5984
-2.41614 -3.01577 16.6037
-2.39897 -3.02695 16.609
-2.38171 -3.03798 16.6144
-2.36437 -3.04888 16.6197
-2.34694 -3.05964 16.6251
-2.32944 -3.07026 16.6305
-2.31185 -3.08074 16.6358
-2.29418 -3.09109 16.6412
-2.27643 -3.10129 16.6466
-2.2586 -3.11136 16.6519
-2.2407 -3.1213 16.6573
-2.22271 -3.1311 16.6627
-2.20465 -3.14075 16.668
-2.18651 -3.15028 16.6734
-2.1683 -3.15967 16.6788
-2.15002 -3.16892 16.6842
-2.13166 -3.17803 16.6895
-2.11323 -3.18701 16.6949
-2.09473 -3.19586 16.7002
-2.07617 -3.20457 16.7056
-2.05753 -3.21314 16.7109
-2.03884 -3.22158 16.7163
-2.02007 -3.22989 16.7216
-2.00125 -3.23806 16.7269
-1.98236 -3.24611 16.7322
-1.96342 -3.25401 16.7374
-1.94442 -3.26179 16.7427
-1.92536 -3.26944 16.748
-1.90625 -3.27696 16.7532
-1.8871 -3.28434 16.7585
-1.8679 -3.2916 16.7638
-1.84866 -3.29874 16.769
-1.82938 -3.30574 16.7743
-1.81006 -3.31262 16.7796
-1.7907 -3.31938 16.7849
-1.77131 -3.32601 16.7902
-1.7519 -3.33252 16.7955
-1.73245 -3.3389 16.8008
-1.71298 -3.34517 16.8062
-1.69348 -3.35131 16.8115
-1.67396 -3.35735 16.8169
-1.65442 -3.36326 16.8223
-1.63485 -3.36906 16.8277
-1.61526 -3.37475 16.8331
-1.59566 -3.38033 16.8385
-1.57604 -3.3858 16.8439
-1.5564 -3.39117 16.8493
-1.53675 -3.39643 16.8547
-1.51709 -3.40159 16.8601
-1.49741 -3.40664 16.8656
-1.47772 -3.41159 16.871
-1.45802 -3.41645 16.8764
-1.43831 -3.42121 16.8818
-1.41859 -3.42587 16.8872
-1.39886 -3.43044 16.8927
-1.37911 -3.43492 16.8981
-1.35936 -3.43931 16.9035
-1.33959 -3.44362 16.9089
-1.31981 -3.44783 16.9144
-1.30003 -3.45196 16.9198
-1.28023 -3.45601 16.9252
-1.26042 -3.45998 16.9307
-1.24061 -3.46386 16.9361
-1.22078 -3.46767 16.9416
-1.20095 -3.4714 16.947
-1.1811 -3.47506 16.9525
-1.16125 -3.47863 16.9579
-1.14139 -3.48214 16.9634
-1.12152 -3.48557 16.9689
-1.10164 -3.48893 16.9744
-1.08175 -3.49222 16.9798
-1.06186 -3.49544 16.9853
-1.04196 -3.49859 16.9908
-1.02205 -3.50167 16.9963
-1.00214 -3.50469 17.0018
-0.982219 -3.50764 17.0073
-0.962293 -3.51052 17.0128
-0.942361 -3.51335 17.0183
-0.922424 -3.51611 17.0238
-0.902481 -3.51881 17.0293
-0.882534 -3.52145 17.0348
-0.862581 -3.52403 17.0404
-0.842624 -3.52655 17.0459
-0.822662 -3.52902 17.0514
-0.802697 -3.53143 17.057
-0.782727 -3.53379 17.0626
-0.762754 -3.5361 17.0682
-0.742777 -3.53836 17.0738
-0.722797 -3.54056 17.0794
-0.702815 -3.54272 17.085
-0.682831 -3.54483 17.0906
-0.662847 -3.54689 17.0962
-0.642862 -3.54891 17.1018
-0.622878 -3.55088 17.1075
-0.602894 -3.55281 17.1131
-0.582913 -3.5547 17.1187
-0.562935 -3.55654 17.1243
-0.54296 -3.55834 17.1299
-0.522988 -3.56011 17.1355
-0.503022 -3.56184 17.141
-0.483061 -3.56353 17.1465
-0.463107 -3.56518 17.152
-0.44316 -3.5668 17.1575
-0.423222 -3.56839 17.163
-0.403294 -3.56994 17.1684
-0.383376 -3.57146 17.1739
-0.363471 -3.57295 17.1793
-0.343578 -3.57441 17.1848
-0.3237 -3.57584 17.1902
-0.303837 -3.57724 17.1957
-0.283991 -3.57861 17.2011
-0.264162 -3.57995 17.2066
-0.244351 -3.58127 17.2121
-0.224561 -3.58257 17.2176
-0.204789 -3.58384 17.2231
-0.185036 -3.58508 17.2286
-0.165301 -3.5863 17.2341
-0.145584 -3.5875 17.2397
-0.125885 -3.58867 17.2453
-0.106202 -3.58982 17.2508
-0.0865359 -3.59095 17.2564
-0.0668859 -3.59205 17.262
-0.0472515 -3.59314 17.2676
-0.0276324 -3.5942 17.2732
-0.00802796 -3.59524 17.2789
0.0115622 -3.59625 17.2845
0.0311388 -3.59725 17.2902
0.0507027 -3.59823 17.2958
0.070255 -3.59919 17.3014
0.0897966 -3.60012 17.3071
0.109329 -3.60103 17.3127
0.128852 -3.60193 17.3184
0.148367 -3.6028 17.324
0.167875 -3.60365 17.3297
0.187378 -3.60448 17.3353
0.206875 -3.60528 17.3409
0.226369 -3.60607 17.3465
0.245859 -3.60683 17.3521
0.265347 -3.60757 17.3577
0.284834 -3.60829 17.3633
0.30432 -3.60899 17.3688
0.323806 -3.60966 17.3744
0.343293 -3.61031 17.3799
0.362781 -3.61094 17.3854
0.382271 -3.61154 17.3908
0.401764 -3.61211 17.3963
0.42126 -3.61267 17.4017
0.440761 -3.61319 17.4071
0.460266 -3.61369 17.4124
0.479776 -3.61416 17.4177
0.499293 -3.6146 17.423
0.518816 -3.61502 17.4283
0.538344 -3.6154 17.4335
0.557877 -3.61576 17.4387
0.577415 -3.61609 17.4438
0.596956 -3.61639 17.449
0.6165 -3.61666 17.4541
0.636046 -3.6169 17.4592
0.655594 -3.61711 17.4643
0.675143 -3.61729 17.4694
0.694693 -3.61744 17.4744
0.714243 -3.61756 17.4795
0.733792 -3.61764 17.4845
0.75334 -3.6177 17.4896
0.772886 -3.61772 17.4946
0.792433 -3.61771 17.4997
0.811978 -3.61767 17.5047
0.831524 -3.61759 17.5097
0.85107 -3.61748 17.5148
0.870617 -3.61733 17.5198
0.890165 -3.61715 17.5248
0.909714 -3.61693 17.5298
0.929264 -3.61668 17.5348
0.948816 -3.61639 17.5398
0.968371 -3.61606 17.5448
0.987928 -3.61569 17.5497
1.00749 -3.61529 17.5547
1.02705 -3.61484 17.5596
1.04661 -3.61436 17.5646
1.06618 -3.61383 17.5695
1.08575 -3.61325 17.5744
1.10532 -3.61263 17.5794
1.1249 -3.61195 17.5843
1.14447 -3.61123 17.5892
1.16405 -3.61045 17.5942
1.18363 -3.60962 17.5991
1.20322 -3.60874 17.6041
1.2228 -3.60779 17.609
1.24239 -3.60679 17.614
1.26198 -3.60572 17.6189
1.28157 -3.6046 17.6239
1.30117 -3.6034 17.6289
1.32078 -3.60214 17.6338
1.34039 -3.6008 17.6388
1.36001 -3.59939 17.6437
1.37965 -3.59791 17.6487
1.39929 -3.59634 17.6536
1.41895 -3.5947 17.6585
1.43861 -3.59297 17.6634
1.4583 -3.59116 17.6682
1.47799 -3.58926 17.673
1.49771 -3.58727 17.6778
1.51743 -3.58519 17.6826
1.53717 -3.58301 17.6873
1.55693 -3.58074 17.692
1.57669 -3.57838 17.6968
1.59647 -3.57592 17.7015
1.61625 -3.57336 17.7062
1.63605 -3.5707 17.7108
1.65585 -3.56794 17.7155
1.67566 -3.56508 17.7202
1.69547 -3.56211 17.7249
1.71529 -3.55904 17.7297
1.73511 -3.55587 17.7344
1.75494 -3.55258 17.7392
1.77477 -3.54919 17.7439
1.79461 -3.5457 17.7487
1.81444 -3.5421 17.7535
1.83428 -3.53839 17.7583
1.85413 -3.53458 17.7631
1.87398 -3.53067 17.7679
1.89383 -3.52665 17.7727
1.91368 -3.52253 17.7775
1.93354 -3.5183 17.7824
1.95339 -3.51397 17.7872
1.97325 -3.50954 17.792
1.99312 -3.50501 17.7969
2.01298 -3.50037 17.8017
2.03284 -3.49562 17.8065
2.05271 -3.49078 17.8114
2.07257 -3.48582 17.8162
2.09243 -3.48077 17.821
2.11229 -3.47561 17.8259
2.13214 -3.47034 17.8307
2.152 -3.46497 17.8356
2.17185 -3.45949 17.8404
2.19169 -3.4539 17.8453
2.21153 -3.44821 17.8502
2.23137 -3.44241 17.855
2.25119 -3.4365 17.8599
2.27101 -3.43049 17.8648
2.29083 -3.42437 17.8697
2.31063 -3.41814 17.8745
2.33043 -3.4118 17.8794
2.35022 -3.40536 17.8843
2.37 -3.39881 17.8891
2.38978 -3.39216 17.894
2.40954 -3.3854 17.8988
2.42929 -3.37853 17.9037
2.44903 -3.37156 17.9085
2.46876 -3.36448 17.9133
2.48847 -3.35729 17.9181
2.50818 -3.35 17.9229
2.52787 -3.3426 17.9277
2.54754 -3.3351 17.9325
2.5672 -3.3275 17.9373
2.58684 -3.3198 17.942
2.60647 -3.31199 17.9468
2.62607 -3.30408 17.9515
2.64565 -3.29607 17.9563
2.66522 -3.28796 17.961
2.68476 -3.27975 17.9658
2.70427 -3.27144 17.9705
2.72377 -3.26303 17.9752
2.74324 -3.25453 17.98
2.76268 -3.24593 17.9847
2.78209 -3.23725 17.9894
2.80148 -3.22847 17.9941
2.82084 -3.21961 17.9989
2.84016 -3.21067 18.0036
2.85946 -3.20165 18.0083
2.87872 -3.19255 18.013
2.89794 -3.18337 18.0177
2.91714 -3.17413 18.0223
2.93629 -3.16481 18.027
2.95541 -3.15543 18.0317
2.9745 -3.14598 18.0363
2.99354 -3.13646 18.0409
3.01254 -3.12688 18.0456
3.0315 -3.11724 18.0502
3.05041 -3.10753 18.0547
3.06928 -3.09775 18.0593
3.08811 -3.08791 18.0639
3.10688 -3.078 18.0684
3.12561 -3.06803 18.073
3.14428 -3.05799 18.0775
3.1629 -3.04788 18.082
3.18147 -3.03771 18.0865
3.19998 -3.02748 18.0909
3.21844 -3.01718 18.0954
3.23682 -3.00682 18.0998
3.25514 -2.9964 18.1043
3.27338 -2.98592 18.1087
3.29155 -2.97539 18.1131
3.30963 -2.96479 18.1175
3.32762 -2.95415 18.1219
3.34552 -2.94345 18.1263
3.36332 -2.9327 18.1306
3.38101 -2.9219 18.135
3.3986 -2.91106 18.1394
3.41608 -2.90017 18.1437
3.43344 -2.88923 18.1481
3.45068 -2.87825 18.1525
3.46781 -2.86722 18.1568
3.48481 -2.85614 18.1611
3.50169 -2.84502 18.1654
3.51845 -2.83385 18.1697
3.53508 -2.82264 18.174
3.55158 -2.81138 18.1783
3.56795 -2.80007 18.1825
3.58419 -2.78872 18.1867
3.6003 -2.77732 18.1909
3.61627 -2.76587 18.195
3.63211 -2.75437 18.1991
3.64781 -2.74283 18.2031
3.66337 -2.73124 18.2072
3.67879 -2.71962 18.2112
3.69406 -2.70796 18.2152
3.70919 -2.69626 18.2191
3.72417 -2.68454 18.223
3.73901 -2.67278 18.227
3.7537 -2.661 18.2309
3.76823 -2.64919 18.2348
3.78261 -2.63736 18.2387
3.79684 -2.62551 18.2425
3.81092 -2.61365 18.2464
3.82483 -2.60177 18.2503
3.83859 -2.58988 18.2542
3.8522 -2.57798 18.2581
3.86565 -2.56608 18.262
3.87895 -2.55416 18.2658
3.89209 -2.54224 18.2697
3.90509 -2.53031 18.2735
3.91794 -2.51838 18.2774
3.93065 -2.50644 18.2812
3.94321 -2.49451 18.285
3.95562 -2.48257 18.2887
3.9679 -2.47064 18.2925
3.98003 -2.4587 18.2962
3.99203 -2.44678 18.2998
4.00389 -2.43485 18.3035
4.01561 -2.42294 18.3071
4.0272 -2.41104 18.3106
4.03864 -2.39916 18.3141
4.04995 -2.38731 18.3176
4.06111 -2.37549 18.321
4.07213 -2.3637 18.3244
4.08301 -2.35196 18.3278
4.09374 -2.34026 18.3311
4.10433 -2.32862 18.3343
4.11477 -2.31704 18.3376
4.12506 -2.30552 18.3408
4.1352 -2.29408 18.3439
4.14519 -2.28271 18.347
4.15503 -2.27142 18.3501
4.16472 -2.26022 18.3531
4.17425 -2.24911 18.3561
4.18363 -2.2381 18.359
4.19286 -2.22719 18.3619
4.20194 -2.21638 18.3648
4.21087 -2.20567 18.3676
4.21965 -2.19508 18.3704
4.22828 -2.18459 18.3731
4.23677 -2.17423 18.3758
4.24511 -2.16398 18.3785
4.2533 -2.15386 18.3811
4.26134 -2.14387 18.3837
4.26924 -2.134 18.3862
4.277 -2.12427 18.3887
4.28461 -2.11468 18.3912
4.29209 -2.10523 18.3936
4.29942 -2.09592 18.396
4.3066 -2.08676 18.3984
4.31365 -2.07774 18.4007
4.32056 -2.06887 18.403
4.32733 -2.06014 18.4053
4.33397 -2.05156 18.4075
4.34046 -2.04313 18.4097
4.34682 -2.03484 18.4118
4.35305 -2.0267 18.4139
4.35914 -2.01871 18.4159
4.3651 -2.01086 18.4179
4.37092 -2.00316 18.4199
4.37661 -1.99562 18.4218
4.38217 -1.98822 18.4237
4.3876 -1.98097 18.4256
4.3929 -1.97387 18.4274
4.39806 -1.96693 18.4291
4.40311 -1.96013 18.4309
4.40802 -1.95348 18.4325
4.41281 -1.94699 18.4342
4.41747 -1.94063 18.4358
4.42202 -1.93443 18.4373
4.42644 -1.92836 18.4388
4.43075 -1.92244 18.4403
4.43494 -1.91666 18.4417
4.43901 -1.91101 18.4431
4.44297 -1.90551 18.4444
4.44682 -1.90014 18.4458
4.45056 -1.89491 18.447
4.45418 -1.8898 18.4483
4.45771 -1.88483 18.4495
4.46112 -1.87999 18.4506
4.46444 -1.87528 18.4518
4.46765 -1.8707 18.4529
4.47076 -1.86624 18.4539
4.47377 -1.86191 18.455
4.47668 -1.8577 18.456
4.4795 -1.85361 18.4569
4.48222 -1.84966 18.4578
4.48483 -1.84583 18.4587
4.48735 -1.84213 18.4596
4.48976 -1.83857 18.4604
4.49208 -1.83514 18.4612
4.4943 -1.83184 18.462
4.49641 -1.82868 18.4627
4.49843 -1.82565 18.4634
4.50034 -1.82276 18.4641
4.50215 -1.82001 18.4647
4.50386 -1.8174 18.4653
4.50547 -1.81493 18.4658
4.50698 -1.81261 18.4664
4.50838 -1.81043 18.4668
4.50968 -1.8084 18.4673
4.51088 -1.80651 18.4677
4.51198 -1.80477 18.4681
-----------------------------------------
Driving on pointcloud 
0.113177
1.0901
71.1098
5.47678
1.85889
0.428962
