-11.9215 8.9923 0.607902
-11.9198 8.99176 0.608053
-11.9181 8.99118 0.608214
-11.9162 8.99057 0.608386
-11.9142 8.98993 0.608571
-11.9122 8.98925 0.60877
-11.91 8.98854 0.608984
-11.9078 8.98779 0.609216
-11.9054 8.98701 0.609467
-11.903 8.9862 0.609737
-11.9004 8.98534 0.610029
-11.8978 8.98445 0.610343
-11.895 8.98353 0.610682
-11.8922 8.98257 0.611046
-11.8892 8.98157 0.611437
-11.8862 8.98054 0.611857
-11.883 8.97947 0.612306
-11.8798 8.97836 0.612787
-11.8764 8.97722 0.613301
-11.8729 8.97603 0.613849
-11.8694 8.97481 0.614432
-11.8657 8.97355 0.615052
-11.8619 8.97225 0.615711
-11.858 8.97092 0.61641
-11.8541 8.96954 0.617149
-11.85 8.96812 0.617932
-11.8458 8.96667 0.618758
-11.8415 8.96517 0.619631
-11.837 8.96364 0.62055
-11.8325 8.96206 0.621517
-11.8279 8.96044 0.622534
-11.8232 8.95878 0.623602
-11.8183 8.95708 0.624723
-11.8134 8.95534 0.625898
-11.8083 8.95356 0.627125
-11.8031 8.95173 0.628403
-11.7978 8.94985 0.629733
-11.7924 8.94794 0.631112
-11.7869 8.94597 0.632541
-11.7812 8.94396 0.634018
-11.7755 8.9419 0.635543
-11.7696 8.93979 0.637114
-11.7636 8.93763 0.638732
-11.7574 8.93543 0.640394
-11.7512 8.93317 0.642101
-11.7448 8.93085 0.643852
-11.7382 8.92849 0.645644
-11.7316 8.92607 0.647479
-11.7248 8.92359 0.649355
-11.7178 8.92106 0.65127
-11.7107 8.91848 0.653225
-11.7035 8.91583 0.655219
-11.6962 8.91313 0.65725
-11.6887 8.91037 0.659318
-11.681 8.90754 0.661422
-11.6732 8.90466 0.663561
-11.6653 8.90172 0.665734
-11.6572 8.89871 0.667941
-11.649 8.89563 0.670181
-11.6406 8.8925 0.672452
-11.632 8.8893 0.674755
-11.6233 8.88603 0.677092
-11.6145 8.88269 0.679461
-11.6055 8.87929 0.681865
-11.5963 8.87581 0.684304
-11.587 8.87226 0.686778
-11.5775 8.86864 0.68929
-11.5679 8.86495 0.691838
-11.5581 8.86118 0.694425
-11.5482 8.85734 0.697051
-11.5381 8.85342 0.699716
-11.5278 8.84942 0.702422
-11.5175 8.84535 0.705169
-11.5069 8.84119 0.707958
-11.4962 8.83695 0.710789
-11.4854 8.83263 0.713665
-11.4744 8.82823 0.716584
-11.4632 8.82374 0.719549
-11.4519 8.81916 0.72256
-11.4405 8.8145 0.725617
-11.4289 8.80975 0.72872
-11.4171 8.80491 0.731869
-11.4052 8.79999 0.73506
-11.3932 8.79499 0.738294
-11.381 8.78989 0.741568
-11.3687 8.78472 0.744881
-11.3563 8.77946 0.748231
-11.3437 8.77411 0.751617
-11.331 8.76869 0.755037
-11.3182 8.76318 0.758491
-11.3053 8.75759 0.761975
-11.2923 8.75192 0.76549
-11.2792 8.74617 0.769033
-11.2659 8.74034 0.772603
-11.2526 8.73444 0.776198
-11.2391 8.72845 0.779817
-11.2256 8.72239 0.783458
-11.212 8.71625 0.787121
-11.1982 8.71004 0.790802
-11.1844 8.70374 0.794502
-11.1705 8.69738 0.798217
-11.1566 8.69093 0.801943
-11.1425 8.6844 0.805676
-11.1283 8.67778 0.809412
-11.114 8.67107 0.813146
-11.0997 8.66426 0.816875
-11.0852 8.65736 0.820593
-11.0705 8.65035 0.824297
-11.0558 8.64323 0.827982
-11.0409 8.63601 0.831645
-11.0259 8.62867 0.83528
-11.0108 8.62121 0.838884
-10.9955 8.61364 0.842452
-10.9801 8.60593 0.845981
-10.9645 8.5981 0.849465
-10.9487 8.59014 0.852901
-10.9328 8.58204 0.85629
-10.9168 8.57381 0.859638
-10.9006 8.56545 0.862951
-10.8843 8.55696 0.866236
-10.8678 8.54836 0.869498
-10.8513 8.53963 0.872745
-10.8346 8.53078 0.875982
-10.8178 8.52181 0.879216
-10.8008 8.51273 0.882452
-10.7838 8.50354 0.885698
-10.7667 8.49424 0.888959
-10.7495 8.48483 0.892242
-10.7323 8.47531 0.895553
-10.7149 8.4657 0.898898
-10.6975 8.45598 0.902284
-10.6801 8.44617 0.905716
-10.6626 8.43626 0.909191
-10.645 8.42625 0.912701
-10.6274 8.41615 0.916239
-10.6097 8.40594 0.919795
-10.5919 8.39564 0.923363
-10.5742 8.38524 0.926933
-10.5563 8.37474 0.930499
-10.5384 8.36413 0.934052
-10.5205 8.35343 0.937583
-10.5025 8.34263 0.941086
-10.4845 8.33172 0.944552
-10.4664 8.32071 0.947973
-10.4483 8.3096 0.951344
-10.4301 8.2984 0.954667
-10.4119 8.28711 0.957946
-10.3937 8.27574 0.961184
-10.3755 8.2643 0.964383
-10.3573 8.25279 0.967547
-10.3391 8.24121 0.970679
-10.3209 8.22959 0.973783
-10.3028 8.21792 0.976861
-10.2847 8.2062 0.979917
-10.2666 8.19446 0.982953
-10.2486 8.18269 0.985973
-10.2307 8.1709 0.98898
-10.2129 8.15909 0.991975
-10.1951 8.14726 0.994958
-10.1774 8.13541 0.997928
-10.1597 8.12355 1.00089
-10.1421 8.11166 1.00383
-10.1246 8.09976 1.00676
-10.1072 8.08783 1.00968
-10.0898 8.07589 1.01258
-10.0725 8.06392 1.01548
-10.0552 8.05193 1.01835
-10.038 8.03991 1.02122
-10.0208 8.02788 1.02406
-10.0037 8.01582 1.0269
-9.98669 8.00374 1.02972
-9.9697 7.99163 1.03251
-9.95277 7.9795 1.03529
-9.93589 7.96734 1.03803
-9.91906 7.95516 1.04075
-9.90228 7.94295 1.04344
-9.88555 7.93072 1.0461
-9.86886 7.91846 1.04872
-9.85222 7.90617 1.0513
-9.83563 7.89386 1.05384
-9.81907 7.88151 1.05633
-9.80256 7.86914 1.05878
-9.7861 7.85675 1.06118
-9.76967 7.84432 1.06355
-9.75329 7.83187 1.06588
-9.73694 7.81939 1.06818
-9.72064 7.80689 1.07045
-9.70438 7.79435 1.07271
-9.68817 7.7818 1.07495
-9.67199 7.76922 1.07717
-9.65586 7.75661 1.07939
-9.63977 7.74399 1.08161
-9.62372 7.73134 1.08383
-9.60771 7.71866 1.08606
-9.59175 7.70596 1.0883
-9.57582 7.69325 1.09054
-9.55994 7.68051 1.09278
-9.54409 7.66775 1.09501
-9.52828 7.65497 1.09722
-9.5125 7.64218 1.09941
-9.49677 7.62936 1.10157
-9.48106 7.61653 1.1037
-9.46539 7.60369 1.10578
-9.44975 7.59083 1.10781
-9.43414 7.57795 1.10979
-9.41856 7.56506 1.1117
-9.40301 7.55216 1.11355
-9.38749 7.53925 1.11532
-9.37199 7.52633 1.11704
-9.35653 7.5134 1.11869
-9.34109 7.50046 1.12029
-9.32569 7.48751 1.12184
-9.31031 7.47455 1.12334
-9.29496 7.46159 1.1248
-9.27965 7.44862 1.12622
-9.26436 7.43565 1.12761
-9.24911 7.42268 1.12896
-9.23388 7.4097 1.13029
-9.21869 7.39672 1.1316
-9.20353 7.38374 1.13289
-9.1884 7.37076 1.13417
-9.1733 7.35779 1.13542
-9.15823 7.34481 1.13667
-9.14318 7.33184 1.1379
-9.12816 7.31887 1.13911
-9.11317 7.3059 1.14032
-9.0982 7.29294 1.14151
-9.08325 7.27999 1.1427
-9.06832 7.26704 1.14387
-9.05342 7.2541 1.14504
-9.03853 7.24117 1.1462
-9.02366 7.22825 1.14735
-9.00881 7.21534 1.1485
-8.99397 7.20244 1.14965
-8.97915 7.18955 1.1508
-8.96434 7.17667 1.15196
-8.94953 7.16381 1.15313
-8.93473 7.15096 1.15431
-8.91994 7.13813 1.15551
-8.90516 7.12531 1.15673
-8.89037 7.11251 1.15797
-8.87558 7.09973 1.15923
-8.8608 7.08697 1.16053
-8.846 7.07422 1.16186
-8.83121 7.0615 1.16322
-8.8164 7.0488 1.16461
-8.80159 7.03612 1.16601
-8.78676 7.02346 1.16743
-8.77193 7.01083 1.16884
-8.75708 6.99821 1.17025
-8.74222 6.98561 1.17164
-8.72734 6.97304 1.17301
-8.71245 6.96049 1.17435
-8.69753 6.94796 1.17565
-8.6826 6.93545 1.1769
-8.66764 6.92297 1.17809
-8.65266 6.9105 1.17922
-8.63765 6.89806 1.18029
-8.62263 6.88564 1.18129
-8.60758 6.87324 1.18223
-8.5925 6.86086 1.18311
-8.5774 6.84849 1.18393
-8.56228 6.83615 1.1847
-8.54713 6.82382 1.18541
-8.53196 6.81151 1.18607
-8.51676 6.79921 1.18668
-8.50154 6.78693 1.18724
-8.4863 6.77467 1.18775
-8.47103 6.76241 1.18822
-8.45574 6.75017 1.18865
-8.44042 6.73794 1.18904
-8.42509 6.72573 1.18939
-8.40972 6.71352 1.18972
-8.39434 6.70132 1.19001
-8.37893 6.68913 1.19028
-8.3635 6.67694 1.19053
-8.34805 6.66476 1.19076
-8.33258 6.65258 1.19098
-8.31709 6.64041 1.19119
-8.30158 6.62824 1.1914
-8.28604 6.61606 1.1916
-8.27049 6.60389 1.1918
-8.25492 6.59172 1.19201
-8.23932 6.57955 1.19221
-8.22371 6.56737 1.19241
-8.20807 6.5552 1.19261
-8.19241 6.54302 1.1928
-8.17672 6.53083 1.19298
-8.16101 6.51864 1.19315
-8.14528 6.50645 1.19331
-8.12952 6.49425 1.19346
-8.11374 6.48205 1.19359
-8.09792 6.46984 1.19371
-8.08208 6.45762 1.19381
-8.06621 6.4454 1.19389
-8.05032 6.43317 1.19395
-8.0344 6.42093 1.19399
-8.01845 6.40868 1.19403
-8.00248 6.39642 1.19405
-7.98648 6.38416 1.19406
-7.97046 6.37188 1.19407
-7.95442 6.3596 1.19407
-7.93835 6.3473 1.19408
-7.92227 6.335 1.19408
-7.90616 6.32268 1.19409
-7.89004 6.31035 1.1941
-7.8739 6.29801 1.19412
-7.85774 6.28566 1.19414
-7.84156 6.27329 1.19415
-7.82538 6.26091 1.19415
-7.80919 6.24852 1.19411
-7.79298 6.23612 1.19403
-7.77678 6.2237 1.19389
-7.76057 6.21127 1.1937
-7.74437 6.19883 1.19343
-7.72816 6.18638 1.19308
-7.71196 6.1739 1.19264
-7.69577 6.16142 1.19209
-7.67959 6.14892 1.19143
-7.66343 6.13641 1.19065
-7.64727 6.12388 1.18976
-7.63114 6.11134 1.18877
-7.61502 6.09879 1.18769
-7.59891 6.08622 1.18654
-7.58283 6.07365 1.18532
-7.56677 6.06106 1.18406
-7.55073 6.04846 1.18275
-7.53472 6.03585 1.18141
-7.51873 6.02323 1.18006
-7.50277 6.01061 1.17871
-7.48683 5.99797 1.17735
-7.47093 5.98533 1.17602
-7.45506 5.97268 1.17471
-7.43921 5.96003 1.17341
-7.4234 5.94737 1.17214
-7.40762 5.93472 1.17088
-7.39187 5.92207 1.16963
-7.37615 5.90942 1.1684
-7.36047 5.89678 1.16718
-7.34481 5.88415 1.16597
-7.32918 5.87153 1.16476
-7.31359 5.85893 1.16357
-7.29802 5.84634 1.16238
-7.28249 5.83377 1.1612
-7.26699 5.82121 1.16002
-7.25152 5.80868 1.15885
-7.23608 5.79617 1.15769
-7.22066 5.78369 1.15654
-7.20527 5.77123 1.15541
-7.1899 5.75879 1.1543
-7.17455 5.74638 1.15321
-7.15923 5.734 1.15214
-7.14392 5.72165 1.15111
-7.12863 5.70933 1.1501
-7.11335 5.69704 1.14913
-7.09809 5.68479 1.1482
-7.08284 5.67256 1.1473
-7.0676 5.66037 1.14645
-7.05236 5.64821 1.14562
-7.03714 5.63609 1.1448
-7.02192 5.62399 1.144
-7.0067 5.61191 1.1432
-6.99148 5.59986 1.14239
-6.97626 5.58784 1.14156
-6.96104 5.57583 1.14071
-6.94581 5.56385 1.13982
-6.93058 5.55188 1.1389
-6.91534 5.53993 1.13792
-6.90009 5.528 1.13689
-6.88482 5.51608 1.13579
-6.86954 5.50417 1.13462
-6.85424 5.49227 1.13338
-6.83893 5.48037 1.13209
-6.8236 5.46847 1.13072
-6.80824 5.45657 1.12929
-6.79286 5.44467 1.12779
-6.77746 5.43275 1.12622
-6.76202 5.42082 1.12459
-6.74656 5.40888 1.1229
-6.73107 5.39692 1.12113
-6.71555 5.38494 1.1193
-6.69999 5.37294 1.1174
-6.68439 5.3609 1.11544
-6.66876 5.34884 1.11342
-6.65309 5.33676 1.11135
-6.63739 5.32464 1.10923
-6.62164 5.3125 1.10706
-6.60586 5.30032 1.10485
-6.59003 5.28811 1.10261
-6.57417 5.27587 1.10034
-6.55826 5.2636 1.09804
-6.54232 5.25129 1.09573
-6.52632 5.23895 1.09339
-6.51029 5.22657 1.09105
-6.49421 5.21416 1.0887
-6.47809 5.20171 1.08634
-6.46193 5.18923 1.08398
-6.44573 5.17671 1.08161
-6.4295 5.16417 1.07924
-6.41323 5.1516 1.07687
-6.39692 5.13899 1.0745
-6.38059 5.12637 1.07214
-6.36422 5.11372 1.06977
-6.34783 5.10104 1.06741
-6.33141 5.08834 1.06505
-6.31497 5.07563 1.0627
-6.2985 5.06289 1.06035
-6.28202 5.05014 1.058
-6.26552 5.03737 1.05565
-6.24901 5.02459 1.05329
-6.2325 5.01181 1.05091
-6.21599 4.99901 1.04849
-6.19948 4.9862 1.04605
-6.18298 4.9734 1.04355
-6.16649 4.96059 1.04101
-6.15002 4.94778 1.03841
-6.13357 4.93497 1.03574
-6.11715 4.92217 1.033
-6.10076 4.90937 1.03018
-6.08441 4.89658 1.02727
-6.06809 4.8838 1.02429
-6.0518 4.87103 1.02124
-6.03555 4.85827 1.01814
-6.01933 4.84552 1.01499
-6.00314 4.83279 1.0118
-5.98699 4.82006 1.00859
-5.97086 4.80735 1.00535
-5.95477 4.79465 1.00212
-5.93871 4.78197 0.99888
-5.92268 4.7693 0.995657
-5.90668 4.75664 0.992456
-5.89071 4.744 0.989286
-5.87477 4.73138 0.986144
-5.85887 4.71877 0.983024
-5.843 4.70618 0.979916
-5.82716 4.6936 0.976812
-5.81137 4.68104 0.973704
-5.79561 4.6685 0.970582
-5.7799 4.65597 0.96744
-5.76424 4.64345 0.964269
-5.74862 4.63095 0.961059
-5.73305 4.61846 0.957804
-5.71753 4.60599 0.954493
-5.70206 4.59353 0.95112
-5.68665 4.58108 0.94768
-5.67129 4.56865 0.944177
-5.65597 4.55624 0.940617
-5.6407 4.54383 0.937005
-5.62548 4.53144 0.933348
-5.61029 4.51907 0.929651
-5.59514 4.5067 0.92592
-5.58002 4.49435 0.92216
-5.56494 4.48201 0.918377
-5.54988 4.46969 0.914578
-5.53484 4.45738 0.910767
-5.51983 4.44508 0.90695
-5.50484 4.43279 0.903134
-5.48986 4.42052 0.899321
-5.4749 4.40825 0.895516
-5.45995 4.396 0.891721
-5.44501 4.38377 0.88794
-5.43008 4.37154 0.884176
-5.41516 4.35934 0.880432
-5.40025 4.34714 0.876711
-5.38534 4.33496 0.873017
-5.37043 4.32279 0.869352
-5.35552 4.31064 0.86572
-5.34061 4.2985 0.862123
-5.3257 4.28638 0.858566
-5.31078 4.27427 0.855047
-5.29586 4.26217 0.85155
-5.28094 4.25009 0.848062
-5.26602 4.23803 0.844567
-5.25111 4.22597 0.84105
-5.23622 4.21393 0.837494
-5.22133 4.20191 0.833886
-5.20646 4.18989 0.83021
-5.1916 4.17789 0.82645
-5.17677 4.1659 0.822592
-5.16196 4.15392 0.818619
-5.14718 4.14195 0.814517
-5.13242 4.12999 0.810272
-5.11769 4.11804 0.805887
-5.10298 4.1061 0.801372
-5.08829 4.09417 0.796741
-5.0736 4.08225 0.792006
-5.05892 4.07033 0.787178
-5.04423 4.05842 0.78227
-5.02953 4.04651 0.777294
-5.01482 4.03461 0.772261
-5.00009 4.0227 0.767185
-4.98533 4.01081 0.762077
-4.97054 3.99891 0.75695
-4.95572 3.98701 0.751815
-4.94085 3.97511 0.746681
-4.92593 3.96321 0.741549
-4.91097 3.95131 0.73642
-4.89596 3.9394 0.731295
-4.88089 3.92749 0.726173
-4.86577 3.91558 0.721054
-4.8506 3.90366 0.71594
-4.83537 3.89174 0.71083
-4.82007 3.8798 0.705725
-4.80471 3.86786 0.700624
-4.78929 3.85592 0.695529
-4.7738 3.84396 0.690439
-4.75824 3.83199 0.685354
-4.74261 3.82001 0.680274
-4.72691 3.80803 0.675196
-4.71113 3.79603 0.670118
-4.69528 3.78401 0.665036
-4.67936 3.77199 0.65995
-4.66337 3.75995 0.654856
-4.6473 3.74791 0.649752
-4.63116 3.73584 0.644637
-4.61494 3.72377 0.639507
-4.59865 3.71168 0.63436
-4.58228 3.69958 0.629194
-4.56583 3.68746 0.624007
-4.54931 3.67533 0.618794
-4.53271 3.66318 0.613546
-4.51605 3.65102 0.608254
-4.49931 3.63884 0.602907
-4.4825 3.62664 0.597495
-4.46564 3.61443 0.59201
-4.44871 3.6022 0.586441
-4.43172 3.58995 0.580778
-4.41467 3.57769 0.575012
-4.39758 3.56541 0.569133
-4.38043 3.5531 0.563132
-4.36323 3.54078 0.556997
-4.34599 3.52844 0.550722
-4.3287 3.51608 0.544305
-4.31136 3.5037 0.537753
-4.29397 3.49129 0.531073
-4.27653 3.47886 0.52427
-4.25903 3.46641 0.517351
-4.24147 3.45392 0.510322
-4.22385 3.44142 0.503189
-4.20617 3.42888 0.495958
-4.18843 3.41631 0.488636
-4.17062 3.40371 0.481229
-4.15274 3.39108 0.473742
-4.13479 3.37841 0.466182
-4.11676 3.36571 0.458554
-4.09867 3.35297 0.450854
-4.08051 3.34021 0.443081
-4.06229 3.32741 0.435232
-4.04401 3.31458 0.427305
-4.02567 3.30172 0.419296
-4.00729 3.28884 0.411205
-3.98885 3.27593 0.403028
-3.97037 3.26299 0.394762
-3.95186 3.25003 0.386406
-3.9333 3.23704 0.377957
-3.91471 3.22403 0.369412
-3.89609 3.211 0.360769
-3.87745 3.19796 0.352034
-3.85879 3.1849 0.343216
-3.84014 3.17185 0.334324
-3.8215 3.1588 0.325367
-3.80288 3.14576 0.316355
-3.78429 3.13274 0.307296
-3.76574 3.11974 0.2982
-3.74725 3.10678 0.289077
-3.72882 3.09386 0.279935
-3.71047 3.08099 0.270784
-3.69221 3.06817 0.261633
-3.67404 3.05542 0.252492
-3.65598 3.04273 0.243367
-3.63802 3.0301 0.234265
-3.62016 3.01754 0.22519
-3.60239 3.00504 0.216147
-3.58472 2.9926 0.207139
-3.56714 2.98022 0.198171
-3.54964 2.96789 0.189249
-3.53223 2.95561 0.180376
-3.5149 2.94338 0.171557
-3.49765 2.9312 0.162797
-3.48046 2.91906 0.154099
-3.46335 2.90696 0.145469
-3.44631 2.89491 0.136911
-3.42933 2.88289 0.128427
-3.41241 2.87091 0.12001
-3.39555 2.85896 0.111646
-3.37875 2.84705 0.103322
-3.362 2.83516 0.0950255
-3.34531 2.8233 0.0867428
-3.32867 2.81146 0.078461
-3.31208 2.79965 0.0701672
-3.29554 2.78785 0.0618482
-3.27904 2.77607 0.0534911
-3.26258 2.76431 0.0450828
-3.24617 2.75255 0.0366101
-3.22979 2.74081 0.0280602
-3.21346 2.72908 0.0194199
-3.19716 2.71735 0.0106761
-3.18089 2.70562 0.00181593
-3.16465 2.6939 -0.00717382
-3.14845 2.68217 -0.0163058
-3.13227 2.67044 -0.0255812
-3.11611 2.6587 -0.0349874
-3.09998 2.64696 -0.0445112
-3.08387 2.6352 -0.054139
-3.06779 2.62344 -0.0638576
-3.05172 2.61166 -0.0736535
-3.03567 2.59986 -0.0835133
-3.01963 2.58805 -0.0934236
-3.00361 2.57621 -0.103371
-2.9876 2.56436 -0.113343
-2.97159 2.55248 -0.123324
-2.9556 2.54057 -0.133303
-2.93961 2.52864 -0.143265
-2.92363 2.51668 -0.153198
-2.90765 2.50468 -0.163088
-2.89167 2.49265 -0.172921
-2.87569 2.48059 -0.182684
-2.85971 2.46848 -0.192365
-2.84373 2.45634 -0.201962
-2.82776 2.44417 -0.211478
-2.81181 2.43196 -0.220919
-2.79589 2.41972 -0.230286
-2.78001 2.40745 -0.239586
-2.76417 2.39516 -0.24882
-2.74838 2.38284 -0.257993
-2.73266 2.37049 -0.267108
-2.717 2.35813 -0.27617
-2.70143 2.34574 -0.285182
-2.68594 2.33334 -0.294149
-2.67054 2.32093 -0.303073
-2.65525 2.3085 -0.311959
-2.64007 2.29606 -0.320806
-2.62499 2.28361 -0.329616
-2.61002 2.27116 -0.338388
-2.59518 2.25871 -0.347121
-2.58044 2.24626 -0.355817
-2.56583 2.23381 -0.364475
-2.55134 2.22137 -0.373094
-2.53698 2.20894 -0.381675
-2.52275 2.19652 -0.390219
-2.50865 2.18412 -0.398724
-2.49468 2.17174 -0.40719
-2.48085 2.15937 -0.415619
-2.46716 2.14704 -0.424009
-2.45361 2.13473 -0.432361
-2.4402 2.12245 -0.440674
-2.42695 2.1102 -0.448949
-2.41384 2.09799 -0.457185
-2.40089 2.08582 -0.465383
-2.38809 2.07368 -0.473544
-2.37545 2.06158 -0.481671
-2.36295 2.04952 -0.489766
-2.3506 2.03749 -0.497833
-2.33839 2.02548 -0.505876
-2.32632 2.01349 -0.513896
-2.31438 2.00153 -0.521898
-2.30258 1.98958 -0.529884
-2.29092 1.97764 -0.537858
-2.27938 1.96571 -0.545822
-2.26796 1.95379 -0.55378
-2.25667 1.94187 -0.561735
-2.2455 1.92996 -0.56969
-2.23445 1.91803 -0.577648
-2.22351 1.90611 -0.585612
-2.21268 1.89417 -0.593586
-2.20196 1.88222 -0.601572
-2.19134 1.87025 -0.609573
-2.18083 1.85826 -0.617593
-2.17042 1.84624 -0.625635
-2.1601 1.8342 -0.633694
-2.14987 1.82212 -0.641765
-2.13972 1.81 -0.649845
-2.12966 1.79782 -0.657928
-2.11966 1.78559 -0.66601
-2.10973 1.77329 -0.674084
-2.09987 1.76093 -0.682147
-2.09006 1.74848 -0.690194
-2.0803 1.73595 -0.698219
-2.07059 1.72333 -0.706217
-2.06092 1.71061 -0.714184
-2.05128 1.69778 -0.722115
-2.04167 1.68485 -0.730005
-2.03208 1.67179 -0.737849
-2.02251 1.65861 -0.745642
-2.01296 1.64529 -0.753379
-2.00341 1.63184 -0.761055
-1.99387 1.61824 -0.768666
-1.98432 1.60449 -0.776213
-1.97478 1.59059 -0.783703
-1.96524 1.57655 -0.791141
-1.9557 1.56236 -0.798533
-1.94616 1.54802 -0.805887
-1.93663 1.53354 -0.813207
-1.9271 1.51892 -0.820501
-1.91759 1.50415 -0.827775
-1.90808 1.48925 -0.835034
-1.89857 1.4742 -0.842285
-1.88908 1.45902 -0.849535
-1.8796 1.44369 -0.856789
-1.87012 1.42823 -0.864054
-1.86067 1.41264 -0.871336
-1.85122 1.3969 -0.87864
-1.84179 1.38103 -0.885975
-1.83237 1.36503 -0.893344
-1.82297 1.3489 -0.900755
-1.81358 1.33264 -0.908212
-1.80421 1.31624 -0.915719
-1.79486 1.29972 -0.923283
-1.78552 1.28308 -0.930907
-1.7762 1.26631 -0.938597
-1.76689 1.24942 -0.946358
-1.7576 1.23242 -0.954194
-1.74833 1.21529 -0.962111
-1.73908 1.19805 -0.970114
-1.72985 1.1807 -0.978207
-1.72063 1.16323 -0.986395
-1.71143 1.14566 -0.994681
-1.70226 1.12799 -1.00305
-1.6931 1.11023 -1.0115
-1.68398 1.0924 -1.02001
-1.67488 1.0745 -1.02858
-1.66581 1.05655 -1.03718
-1.65678 1.03855 -1.04582
-1.64778 1.02053 -1.05448
-1.63882 1.00249 -1.06314
-1.6299 0.984439 -1.07179
-1.62103 0.966391 -1.08044
-1.6122 0.948357 -1.08905
-1.60342 0.930348 -1.09762
-1.59469 0.912367 -1.10615
-1.586 0.894413 -1.11464
-1.57734 0.876483 -1.12307
-1.56872 0.858575 -1.13145
-1.56014 0.840688 -1.13977
-1.55157 0.822819 -1.14803
-1.54303 0.804966 -1.15624
-1.53451 0.787127 -1.16437
-1.526 0.769301 -1.17244
-1.5175 0.751486 -1.18045
-1.509 0.733679 -1.18837
-1.50051 0.715878 -1.19623
-1.49201 0.698082 -1.204
-1.48351 0.680292 -1.21171
-1.475 0.662508 -1.21934
-1.46649 0.644731 -1.22691
-1.45796 0.626962 -1.23442
-1.44942 0.609202 -1.24187
-1.44087 0.591452 -1.24927
-1.4323 0.573712 -1.25662
-1.42372 0.555983 -1.26392
-1.41511 0.538267 -1.27118
-1.40649 0.520563 -1.27841
-1.39784 0.502874 -1.2856
-1.38917 0.485198 -1.29277
-1.38048 0.467538 -1.29991
-1.37176 0.449893 -1.30703
-1.36301 0.432264 -1.31412
-1.35423 0.414651 -1.3212
-1.34542 0.397053 -1.32827
-1.33659 0.379473 -1.33532
-1.32772 0.361909 -1.34236
-1.31883 0.344362 -1.34939
-1.3099 0.326832 -1.35642
-1.30094 0.30932 -1.36344
-1.29195 0.291826 -1.37047
-1.28292 0.27435 -1.37749
-1.27386 0.256892 -1.38452
-1.26476 0.239453 -1.39155
-1.25563 0.222031 -1.39859
-1.24646 0.204626 -1.40562
-1.23726 0.187239 -1.41264
-1.22803 0.169868 -1.41966
-1.21876 0.152513 -1.42667
-1.20946 0.135175 -1.43367
-1.20012 0.117852 -1.44066
-1.19075 0.100545 -1.44764
-1.18135 0.0832522 -1.4546
-1.17192 0.0659745 -1.46154
-1.16245 0.0487111 -1.46846
-1.15295 0.0314624 -1.47536
-1.14342 0.0142291 -1.48225
-1.13386 -0.00298825 -1.48911
-1.12428 -0.0201889 -1.49597
-1.11467 -0.0373721 -1.50281
-1.10503 -0.0545373 -1.50964
-1.09537 -0.0716837 -1.51647
-1.08569 -0.0888106 -1.52329
-1.07598 -0.105917 -1.53011
-1.06626 -0.123003 -1.53693
-1.05652 -0.140068 -1.54375
-1.04676 -0.15711 -1.55057
-1.03698 -0.17413 -1.5574
-1.02719 -0.191127 -1.56424
-1.01739 -0.208103 -1.57107
-1.00757 -0.225057 -1.57791
-0.997747 -0.24199 -1.58475
-0.987908 -0.258903 -1.59159
-0.978059 -0.275796 -1.59843
-0.9682 -0.292669 -1.60528
-0.958333 -0.309523 -1.61211
-0.948459 -0.326358 -1.61895
-0.938578 -0.343176 -1.62578
-0.928692 -0.359975 -1.63261
-0.918801 -0.376757 -1.63943
-0.908905 -0.393523 -1.64625
-0.899005 -0.410272 -1.65306
-0.889102 -0.427005 -1.65987
-0.879195 -0.443724 -1.66667
-0.869284 -0.460428 -1.67347
-0.859371 -0.477118 -1.68027
-0.849454 -0.493795 -1.68707
-0.839535 -0.510458 -1.69386
-0.829613 -0.52711 -1.70066
-0.819689 -0.54375 -1.70745
-0.809762 -0.560379 -1.71424
-0.799834 -0.576997 -1.72104
-0.789904 -0.593605 -1.72783
-0.779972 -0.610204 -1.73463
-0.770037 -0.626796 -1.74142
-0.7601 -0.643381 -1.74822
-0.750159 -0.65996 -1.755
-0.740215 -0.676534 -1.76179
-0.730268 -0.693104 -1.76857
-0.720315 -0.709672 -1.77534
-0.710359 -0.726238 -1.7821
-0.700397 -0.742804 -1.78886
-0.69043 -0.75937 -1.79561
-0.680458 -0.775938 -1.80234
-0.670479 -0.792508 -1.80906
-0.660495 -0.809081 -1.81577
-0.650503 -0.82566 -1.82247
-0.640503 -0.842244 -1.82915
-0.630495 -0.858835 -1.83582
-0.620479 -0.875433 -1.84248
-0.610453 -0.892041 -1.84911
-0.600418 -0.908658 -1.85573
-0.590372 -0.925286 -1.86234
-0.580315 -0.941926 -1.86893
-0.570246 -0.95858 -1.8755
-0.560166 -0.975247 -1.88205
-0.550073 -0.991929 -1.88858
-0.539966 -1.00863 -1.89509
-0.529847 -1.02534 -1.90159
-0.519714 -1.04206 -1.90808
-0.509568 -1.0588 -1.91457
-0.499408 -1.07554 -1.92107
-0.489235 -1.09229 -1.92757
-0.479049 -1.10905 -1.93409
-0.46885 -1.1258 -1.94064
-0.458637 -1.14256 -1.94721
-0.44841 -1.15932 -1.95381
-0.43817 -1.17608 -1.96045
-0.427917 -1.19283 -1.96714
-0.41765 -1.20958 -1.97387
-0.407369 -1.22632 -1.98066
-0.397073 -1.24306 -1.98749
-0.386762 -1.2598 -1.99437
-0.376435 -1.27654 -2.00128
-0.366091 -1.29328 -2.00823
-0.35573 -1.31003 -2.0152
-0.345351 -1.3268 -2.02221
-0.334953 -1.34357 -2.02924
-0.324536 -1.36035 -2.03628
-0.314098 -1.37716 -2.04334
-0.30364 -1.39398 -2.05041
-0.293161 -1.41082 -2.05749
-0.282659 -1.42769 -2.06457
-0.272135 -1.44458 -2.07165
-0.261588 -1.46149 -2.07873
-0.251017 -1.47844 -2.0858
-0.240422 -1.49542 -2.09285
-0.229802 -1.51243 -2.09989
-0.219157 -1.52947 -2.10691
-0.208487 -1.54655 -2.11391
-0.19779 -1.56366 -2.12088
-0.187066 -1.58082 -2.12783
-0.176316 -1.59801 -2.13473
-0.165537 -1.61525 -2.1416
-0.154731 -1.63253 -2.14843
-0.143897 -1.64986 -2.15522
-0.133036 -1.66722 -2.16199
-0.122151 -1.68462 -2.16874
-0.111242 -1.70204 -2.17548
-0.10031 -1.7195 -2.18222
-0.0893581 -1.73697 -2.18897
-0.0783862 -1.75446 -2.19575
-0.0673961 -1.77197 -2.20255
-0.056389 -1.78949 -2.2094
-0.0453664 -1.80701 -2.2163
-0.0343294 -1.82453 -2.22325
-0.0232796 -1.84205 -2.23028
-0.0122184 -1.85956 -2.23738
-0.00114841 -1.87707 -2.24456
0.00992779 -1.89456 -2.2518
0.0210076 -1.91205 -2.2591
0.0320884 -1.92954 -2.26647
0.0431675 -1.94701 -2.27388
0.0542424 -1.96448 -2.28133
0.0653104 -1.98193 -2.28883
0.076369 -1.99938 -2.29636
0.0874154 -2.01682 -2.30393
0.0984472 -2.03424 -2.31151
0.109462 -2.05166 -2.31912
0.120456 -2.06906 -2.32674
0.131428 -2.08646 -2.33437
0.142376 -2.10384 -2.342
0.153297 -2.12121 -2.34964
0.164189 -2.13857 -2.35727
0.17505 -2.15591 -2.3649
0.185877 -2.17324 -2.37251
0.196669 -2.19055 -2.38011
0.207424 -2.20785 -2.38769
0.218138 -2.22514 -2.39525
0.22881 -2.24241 -2.40278
0.239438 -2.25967 -2.41028
0.25002 -2.2769 -2.41775
0.260553 -2.29412 -2.42518
0.271039 -2.31132 -2.43257
0.281478 -2.32851 -2.43992
0.291872 -2.34567 -2.44724
0.30222 -2.36281 -2.45453
0.312525 -2.37992 -2.46178
0.322787 -2.39702 -2.46901
0.333006 -2.41408 -2.4762
0.343185 -2.43112 -2.48337
0.353323 -2.44813 -2.49051
0.363421 -2.46511 -2.49762
0.373481 -2.48206 -2.50471
0.383503 -2.49898 -2.51177
0.393489 -2.51587 -2.51882
0.403444 -2.53273 -2.52584
0.413369 -2.54956 -2.53285
0.423269 -2.56636 -2.53985
0.433146 -2.58314 -2.54684
0.443003 -2.5999 -2.55382
0.452844 -2.61663 -2.56079
0.462672 -2.63335 -2.56777
0.47249 -2.65005 -2.57475
0.482301 -2.66673 -2.58173
0.492109 -2.68341 -2.58872
0.501916 -2.70006 -2.59572
0.511726 -2.71671 -2.60273
0.521542 -2.73335 -2.60976
0.531365 -2.74999 -2.61679
0.5412 -2.76663 -2.62384
0.551047 -2.78327 -2.63089
0.560911 -2.79991 -2.63795
0.570794 -2.81656 -2.64502
0.580698 -2.83322 -2.6521
0.590627 -2.8499 -2.65918
0.600583 -2.86659 -2.66626
0.610568 -2.8833 -2.67334
0.620585 -2.90004 -2.68043
0.630637 -2.9168 -2.68752
0.640725 -2.93359 -2.69461
0.650849 -2.95041 -2.7017
0.661008 -2.96725 -2.70879
0.671203 -2.98412 -2.71587
0.681433 -3.00102 -2.72296
0.691698 -3.01795 -2.73005
0.701999 -3.03491 -2.73714
0.712334 -3.05189 -2.74423
0.722704 -3.06891 -2.75131
0.733108 -3.08595 -2.7584
0.743547 -3.10302 -2.76549
0.75402 -3.12013 -2.77257
0.764527 -3.13726 -2.77965
0.775066 -3.15442 -2.78673
0.785634 -3.1716 -2.7938
0.79623 -3.18881 -2.80086
0.806852 -3.20604 -2.8079
0.817496 -3.22328 -2.81493
0.828162 -3.24055 -2.82193
0.838848 -3.25782 -2.82891
0.84955 -3.27511 -2.83586
0.860267 -3.29241 -2.84278
0.870997 -3.30972 -2.84967
0.881738 -3.32703 -2.85651
0.892487 -3.34434 -2.86332
0.903243 -3.36166 -2.87007
0.914004 -3.37897 -2.87678
0.924767 -3.3963 -2.88343
0.935532 -3.41362 -2.89001
0.946296 -3.43094 -2.89653
0.957057 -3.44827 -2.90297
0.967814 -3.4656 -2.90933
0.978565 -3.48293 -2.91561
0.989308 -3.50027 -2.92179
1.00004 -3.5176 -2.92788
1.01076 -3.53494 -2.93386
1.02147 -3.55228 -2.93974
1.03216 -3.56962 -2.9455
1.04284 -3.58696 -2.95117
1.0535 -3.60429 -2.95674
1.06414 -3.62161 -2.96224
1.07477 -3.63891 -2.96766
1.08539 -3.65619 -2.97303
1.09599 -3.67344 -2.97835
1.10658 -3.69066 -2.98363
1.11715 -3.70784 -2.98888
1.1277 -3.72498 -2.99412
1.13824 -3.74207 -2.99935
1.14876 -3.75911 -3.00459
1.15927 -3.77609 -3.00984
1.16977 -3.79302 -3.0151
1.18025 -3.80989 -3.02038
1.19071 -3.82672 -3.02565
1.20116 -3.84351 -3.03091
1.2116 -3.86026 -3.03616
1.22202 -3.87697 -3.04138
1.23242 -3.89365 -3.04658
1.24282 -3.91031 -3.05173
1.2532 -3.92694 -3.05683
1.26356 -3.94356 -3.06188
1.27391 -3.96016 -3.06686
1.28425 -3.97676 -3.07178
1.29457 -3.99335 -3.07662
1.30488 -4.00993 -3.08137
1.31518 -4.02652 -3.08606
1.32546 -4.0431 -3.09066
1.33574 -4.05968 -3.09518
1.346 -4.07626 -3.09963
1.35626 -4.09284 -3.104
1.3665 -4.10942 -3.10829
1.37674 -4.12601 -3.1125
1.38697 -4.1426 -3.11663
1.3972 -4.1592 -3.12069
1.40741 -4.1758 -3.12467
1.41763 -4.19241 -3.12857
1.42783 -4.20903 -3.13239
1.43804 -4.22566 -3.13612
1.44824 -4.2423 -3.13978
1.45843 -4.25896 -3.14335
1.46862 -4.27563 -3.14684
1.47881 -4.29232 -3.15023
1.489 -4.30903 -3.15354
1.49919 -4.32576 -3.15676
1.50937 -4.34252 -3.15988
1.51955 -4.3593 -3.16291
1.52973 -4.37611 -3.16584
1.53992 -4.39295 -3.16867
1.5501 -4.40982 -3.17141
1.56028 -4.42671 -3.17405
1.57046 -4.44364 -3.17662
1.58065 -4.46058 -3.17911
1.59084 -4.47755 -3.18155
1.60103 -4.49454 -3.18393
1.61122 -4.51155 -3.18627
1.62141 -4.52857 -3.18857
1.63161 -4.5456 -3.19085
1.64181 -4.56265 -3.19312
1.65202 -4.5797 -3.19538
1.66224 -4.59676 -3.19765
1.67245 -4.61382 -3.19993
1.68268 -4.63088 -3.20223
1.6929 -4.64795 -3.20453
1.70313 -4.66503 -3.20683
1.71335 -4.68212 -3.20912
1.72357 -4.69921 -3.21139
1.73379 -4.71631 -3.21364
1.744 -4.73343 -3.21587
1.75421 -4.75056 -3.21805
1.7644 -4.7677 -3.2202
1.77458 -4.78486 -3.22229
1.78475 -4.80204 -3.22432
1.79491 -4.81924 -3.22628
1.80504 -4.83645 -3.22818
1.81516 -4.85369 -3.23
1.82526 -4.87094 -3.23174
1.83535 -4.88821 -3.23339
1.84541 -4.90551 -3.23495
1.85546 -4.92282 -3.23642
1.86549 -4.94015 -3.2378
1.8755 -4.95751 -3.23908
1.88549 -4.97488 -3.24025
1.89546 -4.99227 -3.24131
1.90541 -5.00967 -3.24226
1.91534 -5.0271 -3.24309
1.92525 -5.04455 -3.2438
1.93513 -5.06201 -3.2444
1.945 -5.07948 -3.24489
1.95485 -5.09697 -3.24528
1.96469 -5.11445 -3.2456
1.9745 -5.13194 -3.24584
1.98431 -5.14942 -3.24602
1.9941 -5.16689 -3.24616
2.00387 -5.18435 -3.24625
2.01364 -5.20179 -3.24631
2.02339 -5.21921 -3.24636
2.03314 -5.23661 -3.2464
2.04287 -5.25397 -3.24644
2.0526 -5.27131 -3.2465
2.06233 -5.28861 -3.24657
2.07205 -5.30587 -3.24665
2.08177 -5.3231 -3.24673
2.09149 -5.3403 -3.24682
2.10121 -5.35747 -3.24691
2.11094 -5.3746 -3.24701
2.12067 -5.3917 -3.24709
2.13041 -5.40876 -3.24718
2.14016 -5.42579 -3.24725
2.14992 -5.44279 -3.24732
2.15969 -5.45975 -3.24737
2.16948 -5.47668 -3.24741
2.17929 -5.49358 -3.24743
2.18911 -5.51046 -3.24742
2.19895 -5.5273 -3.24736
2.20881 -5.54413 -3.24725
2.2187 -5.56094 -3.24708
2.2286 -5.57773 -3.24684
2.23853 -5.59452 -3.24652
2.24849 -5.6113 -3.24611
2.25848 -5.62807 -3.24559
2.26849 -5.64485 -3.24497
2.27854 -5.66163 -3.24422
2.28862 -5.67842 -3.24334
2.29873 -5.69521 -3.24231
2.30887 -5.71203 -3.24114
2.31906 -5.72886 -3.23984
2.32929 -5.7457 -3.23841
2.33956 -5.76257 -3.23688
2.34989 -5.77946 -3.23524
2.36027 -5.79637 -3.23352
2.37071 -5.8133 -3.23172
2.38122 -5.83026 -3.22987
2.39179 -5.84725 -3.22796
2.40243 -5.86427 -3.22602
2.41315 -5.88132 -3.22405
2.42395 -5.8984 -3.22207
2.43483 -5.91552 -3.22009
2.44579 -5.93267 -3.21812
2.45685 -5.94986 -3.21617
2.46799 -5.96709 -3.21422
2.47921 -5.98435 -3.21228
2.49053 -6.00165 -3.21034
2.50192 -6.01899 -3.2084
2.51341 -6.03636 -3.20646
2.52497 -6.05377 -3.20451
2.53662 -6.07121 -3.20254
2.54835 -6.08869 -3.20056
2.56016 -6.1062 -3.19857
2.57205 -6.12375 -3.19654
2.58403 -6.14133 -3.1945
2.59608 -6.15895 -3.19242
2.60821 -6.1766 -3.1903
2.62041 -6.19428 -3.18815
2.63268 -6.21198 -3.18594
2.64502 -6.22971 -3.18369
2.65742 -6.24746 -3.18138
2.66989 -6.26522 -3.179
2.68241 -6.283 -3.17656
2.69499 -6.30079 -3.17404
2.70762 -6.31858 -3.17144
2.7203 -6.33639 -3.16875
2.73302 -6.35419 -3.16598
2.74579 -6.372 -3.16311
2.7586 -6.38981 -3.16015
2.77146 -6.40762 -3.1571
2.78436 -6.42543 -3.15398
2.79732 -6.44324 -3.15078
2.81031 -6.46106 -3.14751
2.82336 -6.47888 -3.14419
2.83646 -6.49671 -3.14082
2.84961 -6.51455 -3.1374
2.86281 -6.53239 -3.13394
2.87607 -6.55025 -3.13046
2.88938 -6.56811 -3.12694
2.90274 -6.58599 -3.12341
2.91617 -6.60387 -3.11987
2.92965 -6.62178 -3.11632
2.94318 -6.63969 -3.11275
2.95678 -6.65762 -3.10918
2.97043 -6.67556 -3.1056
2.98413 -6.69353 -3.10202
2.9979 -6.7115 -3.09843
3.01171 -6.7295 -3.09483
3.02559 -6.74751 -3.09123
3.03952 -6.76554 -3.08763
3.05351 -6.7836 -3.08404
3.06755 -6.80167 -3.08044
3.08165 -6.81976 -3.07684
3.0958 -6.83788 -3.07324
3.11001 -6.85601 -3.06964
3.12427 -6.87416 -3.06604
3.13858 -6.89234 -3.06242
3.15295 -6.91053 -3.05878
3.16737 -6.92873 -3.05513
3.18184 -6.94696 -3.05146
3.19636 -6.9652 -3.04776
3.21093 -6.98346 -3.04403
3.22555 -7.00173 -3.04027
3.24022 -7.02001 -3.03647
3.25493 -7.03831 -3.03263
3.26969 -7.05662 -3.02875
3.2845 -7.07494 -3.02483
3.29935 -7.09327 -3.02085
3.31425 -7.11162 -3.01682
3.32919 -7.12997 -3.01274
3.34417 -7.14832 -3.00859
3.35919 -7.16669 -3.00439
3.37425 -7.18506 -3.00012
3.38934 -7.20344 -2.99578
3.40448 -7.22182 -2.99137
3.41965 -7.2402 -2.98688
3.43485 -7.25859 -2.98232
3.45009 -7.27698 -2.97768
3.46537 -7.29537 -2.97296
3.48067 -7.31375 -2.96817
3.496 -7.33213 -2.96331
3.51137 -7.35051 -2.95838
3.52676 -7.36888 -2.9534
3.54218 -7.38724 -2.94837
3.55763 -7.40558 -2.9433
3.5731 -7.42391 -2.93818
3.58859 -7.44223 -2.93302
3.60411 -7.46053 -2.92783
3.61965 -7.47881 -2.92261
3.63521 -7.49707 -2.91738
3.65079 -7.51531 -2.91212
3.66639 -7.53352 -2.90685
3.682 -7.5517 -2.90156
3.69762 -7.56985 -2.89626
3.71325 -7.58796 -2.89094
3.72888 -7.60603 -2.88561
3.74452 -7.62406 -2.88026
3.76015 -7.64204 -2.8749
3.77578 -7.65998 -2.86952
3.7914 -7.67786 -2.86414
3.80701 -7.69569 -2.85874
3.82261 -7.71345 -2.85333
3.8382 -7.73116 -2.84791
3.85376 -7.7488 -2.84248
3.8693 -7.76637 -2.83705
3.88481 -7.78386 -2.83161
3.90029 -7.80128 -2.82617
3.91574 -7.81861 -2.82072
3.93114 -7.83587 -2.81528
3.9465 -7.85303 -2.80984
3.96181 -7.8701 -2.80441
3.97708 -7.88707 -2.79898
3.99228 -7.90394 -2.79357
4.00743 -7.92071 -2.78816
4.02251 -7.93737 -2.78277
4.03752 -7.95392 -2.7774
4.05247 -7.97035 -2.77204
4.06735 -7.98668 -2.7667
4.08216 -8.00289 -2.76138
4.0969 -8.019 -2.75609
4.11158 -8.03499 -2.75081
4.12618 -8.05087 -2.74557
4.14071 -8.06664 -2.74035
4.15518 -8.0823 -2.73515
4.16957 -8.09785 -2.72999
4.18389 -8.11328 -2.72486
4.19814 -8.12861 -2.71976
4.21232 -8.14382 -2.7147
4.22643 -8.15893 -2.70967
4.24046 -8.17392 -2.70466
4.25443 -8.1888 -2.69968
4.26832 -8.20358 -2.69472
4.28214 -8.21825 -2.68977
4.29589 -8.23281 -2.68483
4.30956 -8.24727 -2.67989
4.32317 -8.26162 -2.67496
4.3367 -8.27586 -2.67002
4.35016 -8.29 -2.66507
4.36355 -8.30404 -2.66011
4.37687 -8.31797 -2.65514
4.39012 -8.33181 -2.65014
4.4033 -8.34554 -2.64512
4.41641 -8.35918 -2.64008
4.42945 -8.37272 -2.63501
4.44243 -8.38617 -2.62993
4.45535 -8.39953 -2.62481
4.4682 -8.41281 -2.61968
4.48098 -8.426 -2.61452
4.49371 -8.4391 -2.60934
4.50638 -8.45213 -2.60413
4.51899 -8.46508 -2.59889
4.53154 -8.47796 -2.59363
4.54404 -8.49076 -2.58834
4.55649 -8.5035 -2.58303
4.56888 -8.51617 -2.57771
4.58123 -8.52879 -2.57238
4.59354 -8.54135 -2.56705
4.60581 -8.55387 -2.56172
4.61804 -8.56634 -2.55641
4.63024 -8.57878 -2.55112
4.64241 -8.59119 -2.54586
4.65455 -8.60357 -2.54063
4.66667 -8.61593 -2.53545
4.67877 -8.62827 -2.53032
4.69086 -8.6406 -2.52524
4.70293 -8.65292 -2.52022
4.71499 -8.66524 -2.51526
4.72703 -8.67755 -2.51035
4.73908 -8.68987 -2.50547
4.75111 -8.70218 -2.50064
4.76314 -8.71449 -2.49583
4.77516 -8.72681 -2.49104
4.78719 -8.73913 -2.48628
4.79921 -8.75146 -2.48152
4.81124 -8.76379 -2.47677
4.82327 -8.77614 -2.47201
4.83531 -8.78849 -2.46725
4.84735 -8.80086 -2.46248
4.8594 -8.81324 -2.45768
4.87146 -8.82564 -2.45287
4.88354 -8.83805 -2.44803
4.89563 -8.85047 -2.44316
4.90773 -8.86291 -2.43826
4.91986 -8.87537 -2.43333
4.932 -8.88785 -2.42836
4.94417 -8.90034 -2.42336
4.95636 -8.91285 -2.41831
4.96857 -8.92538 -2.41322
4.98081 -8.93794 -2.40808
4.99309 -8.95051 -2.40288
5.00539 -8.9631 -2.39764
5.01772 -8.97572 -2.39235
5.03009 -8.98836 -2.38701
5.0425 -9.00102 -2.38164
5.05493 -9.01371 -2.37623
5.06741 -9.02643 -2.37079
5.07992 -9.03917 -2.36532
5.09246 -9.05194 -2.35983
5.10505 -9.06475 -2.35433
5.11768 -9.07758 -2.34881
5.13034 -9.09045 -2.34328
5.14305 -9.10335 -2.33775
5.15581 -9.11628 -2.33222
5.1686 -9.12925 -2.3267
5.18144 -9.14225 -2.32117
5.19432 -9.15528 -2.31565
5.20724 -9.16835 -2.31014
5.2202 -9.18144 -2.30463
5.23321 -9.19457 -2.29914
5.24625 -9.20772 -2.29365
5.25934 -9.2209 -2.28817
5.27246 -9.23411 -2.2827
5.28562 -9.24734 -2.27725
5.29883 -9.2606 -2.27181
5.31207 -9.27389 -2.26638
5.32535 -9.28719 -2.26097
5.33867 -9.30052 -2.25558
5.35202 -9.31387 -2.25019
5.36541 -9.32725 -2.24482
5.37884 -9.34064 -2.23945
5.3923 -9.35404 -2.23408
5.40579 -9.36747 -2.22872
5.41932 -9.38091 -2.22336
5.43288 -9.39437 -2.218
5.44647 -9.40784 -2.21263
5.46009 -9.42132 -2.20726
5.47375 -9.43481 -2.20188
5.48743 -9.44832 -2.19649
5.50114 -9.46183 -2.19109
5.51488 -9.47536 -2.18568
5.52865 -9.48889 -2.18027
5.54245 -9.50244 -2.17484
5.55628 -9.51599 -2.16941
5.57014 -9.52956 -2.16397
5.58403 -9.54313 -2.15852
5.59795 -9.55672 -2.15307
5.6119 -9.57031 -2.14762
5.62588 -9.58392 -2.14216
5.6399 -9.59753 -2.1367
5.65395 -9.61116 -2.13123
5.66802 -9.62479 -2.12577
5.68214 -9.63843 -2.1203
5.69628 -9.65209 -2.11483
5.71046 -9.66576 -2.10936
5.72467 -9.67944 -2.1039
5.73891 -9.69314 -2.09844
5.7532 -9.70685 -2.09299
5.76751 -9.72058 -2.08754
5.78186 -9.73433 -2.08209
5.79625 -9.7481 -2.07666
5.81067 -9.76188 -2.07123
5.82513 -9.77569 -2.06582
5.83963 -9.78952 -2.06042
5.85416 -9.80337 -2.05502
5.86873 -9.81724 -2.04964
5.88334 -9.83114 -2.04427
5.89797 -9.84505 -2.0389
5.91264 -9.85898 -2.03355
5.92734 -9.87293 -2.0282
5.94207 -9.8869 -2.02286
5.95683 -9.90089 -2.01753
5.97161 -9.9149 -2.0122
5.98642 -9.92892 -2.00687
6.00126 -9.94296 -2.00155
6.01612 -9.95702 -1.99624
6.03101 -9.97109 -1.99093
6.04591 -9.98519 -1.98562
6.06084 -9.9993 -1.98033
6.07579 -10.0134 -1.97505
6.09076 -10.0276 -1.96979
6.10576 -10.0418 -1.96455
6.12077 -10.056 -1.95933
6.1358 -10.0703 -1.95414
6.15086 -10.0846 -1.94899
6.16593 -10.099 -1.94387
6.18102 -10.1134 -1.93879
6.19613 -10.1278 -1.93376
6.21126 -10.1423 -1.92877
6.2264 -10.1569 -1.92382
6.24156 -10.1714 -1.91891
6.25674 -10.1861 -1.91402
6.27192 -10.2008 -1.90916
6.28712 -10.2155 -1.90431
6.30233 -10.2303 -1.89946
6.31755 -10.2451 -1.89462
6.33277 -10.2599 -1.88977
6.348 -10.2748 -1.8849
6.36323 -10.2897 -1.88002
6.37846 -10.3047 -1.8751
6.3937 -10.3196 -1.87015
6.40893 -10.3346 -1.86516
6.42417 -10.3497 -1.86013
6.4394 -10.3648 -1.85505
6.45463 -10.3799 -1.84993
6.46985 -10.395 -1.84477
6.48507 -10.4101 -1.83956
6.50028 -10.4253 -1.8343
6.51549 -10.4405 -1.829
6.53069 -10.4558 -1.82364
6.54588 -10.4711 -1.81824
6.56106 -10.4864 -1.81278
6.57623 -10.5017 -1.80728
6.59139 -10.5171 -1.80172
6.60654 -10.5325 -1.79611
6.62167 -10.5479 -1.79046
6.63678 -10.5634 -1.78477
6.65188 -10.5789 -1.77904
6.66696 -10.5944 -1.77329
6.68203 -10.61 -1.76751
6.69707 -10.6256 -1.76171
6.71209 -10.6412 -1.7559
6.72709 -10.6569 -1.75008
6.74206 -10.6726 -1.74425
6.75701 -10.6884 -1.73843
6.77194 -10.7042 -1.73261
6.78683 -10.7201 -1.72679
6.8017 -10.736 -1.72098
6.81653 -10.7519 -1.71516
6.83134 -10.7679 -1.70933
6.84611 -10.7839 -1.70348
6.86085 -10.7999 -1.69761
6.87555 -10.816 -1.6917
6.89022 -10.832 -1.68576
6.90485 -10.8482 -1.67976
6.91945 -10.8643 -1.67372
6.934 -10.8805 -1.66762
6.94852 -10.8966 -1.66145
6.96299 -10.9128 -1.65521
6.97743 -10.929 -1.64889
6.99181 -10.9453 -1.64251
7.00616 -10.9615 -1.63607
7.02046 -10.9778 -1.62956
7.03472 -10.9941 -1.62299
7.04893 -11.0104 -1.61637
7.0631 -11.0268 -1.60969
7.07722 -11.0432 -1.60297
7.0913 -11.0596 -1.5962
7.10532 -11.0761 -1.58938
7.1193 -11.0926 -1.58253
7.13322 -11.1091 -1.57564
7.1471 -11.1257 -1.56871
7.16093 -11.1424 -1.56175
7.17472 -11.1591 -1.55474
7.18846 -11.1758 -1.54769
7.20216 -11.1926 -1.5406
7.21582 -11.2094 -1.53345
7.22944 -11.2263 -1.52625
7.24302 -11.2432 -1.519
7.25657 -11.2601 -1.51169
7.27008 -11.2771 -1.50431
7.28356 -11.2941 -1.49688
7.29701 -11.3112 -1.48937
7.31043 -11.3284 -1.4818
7.32382 -11.3455 -1.47416
7.33718 -11.3627 -1.46645
7.3505 -11.3799 -1.45866
7.36377 -11.3971 -1.45081
7.377 -11.4143 -1.4429
7.39019 -11.4314 -1.43491
7.40332 -11.4486 -1.42686
7.41639 -11.4656 -1.41874
7.4294 -11.4826 -1.41056
7.44235 -11.4996 -1.40231
7.45524 -11.5164 -1.394
7.46805 -11.5332 -1.38562
7.48079 -11.5498 -1.37719
7.49346 -11.5663 -1.3687
7.50606 -11.5828 -1.36018
7.51859 -11.5991 -1.35162
7.53105 -11.6152 -1.34305
7.54344 -11.6313 -1.33448
7.55577 -11.6473 -1.32591
7.56804 -11.6631 -1.31735
7.58025 -11.6788 -1.30882
7.59239 -11.6944 -1.30033
7.60448 -11.7098 -1.29189
7.61651 -11.7252 -1.28351
7.62848 -11.7403 -1.27519
7.6404 -11.7554 -1.26696
7.65228 -11.7703 -1.25881
7.6641 -11.7852 -1.25074
7.67588 -11.7999 -1.24276
7.68763 -11.8144 -1.23489
7.69934 -11.8289 -1.22711
7.71102 -11.8433 -1.21944
7.72267 -11.8576 -1.21188
7.7343 -11.8717 -1.20444
7.74591 -11.8858 -1.19712
7.7575 -11.8998 -1.18993
7.76908 -11.9137 -1.18287
7.78064 -11.9276 -1.17594
7.79221 -11.9413 -1.16916
7.80377 -11.955 -1.16252
7.81533 -11.9686 -1.15603
7.8269 -11.9822 -1.14967
7.83847 -11.9956 -1.14343
7.85006 -12.009 -1.13728
7.86165 -12.0223 -1.13122
7.87326 -12.0355 -1.12522
7.88488 -12.0487 -1.11927
7.89652 -12.0617 -1.11336
7.90819 -12.0747 -1.10747
7.91988 -12.0875 -1.10158
7.93159 -12.1003 -1.09568
7.94333 -12.113 -1.08974
7.95511 -12.1255 -1.08377
7.96691 -12.138 -1.07773
7.97876 -12.1503 -1.07162
7.99064 -12.1625 -1.06541
8.00257 -12.1746 -1.05909
8.01453 -12.1866 -1.05265
8.02655 -12.1985 -1.04609
8.03862 -12.2103 -1.0394
8.05075 -12.2219 -1.03261
8.06295 -12.2335 -1.02571
8.07523 -12.2449 -1.01872
8.08758 -12.2563 -1.01164
8.10002 -12.2676 -1.00447
8.11256 -12.2787 -0.997239
8.12519 -12.2899 -0.989937
8.13792 -12.3009 -0.982576
8.15077 -12.3119 -0.975164
8.16374 -12.3228 -0.967709
8.17683 -12.3336 -0.960216
8.19005 -12.3444 -0.952695
8.2034 -12.3551 -0.945151
8.2169 -12.3658 -0.937594
8.23055 -12.3764 -0.930029
8.24434 -12.387 -0.922466
8.25828 -12.3976 -0.914913
8.27237 -12.4081 -0.907378
8.28659 -12.4186 -0.899871
8.30096 -12.429 -0.892398
8.31546 -12.4393 -0.884969
8.3301 -12.4496 -0.877593
8.34488 -12.4598 -0.870278
8.35978 -12.47 -0.863032
8.37481 -12.4801 -0.855863
8.38997 -12.4901 -0.848781
8.40526 -12.5 -0.841794
8.42066 -12.5099 -0.83491
8.43619 -12.5197 -0.828138
8.45184 -12.5294 -0.821486
8.4676 -12.539 -0.81496
8.48346 -12.5485 -0.80856
8.49943 -12.558 -0.802288
8.51548 -12.5673 -0.796145
8.53163 -12.5766 -0.790131
8.54784 -12.5857 -0.784248
8.56413 -12.5947 -0.778497
8.58048 -12.6037 -0.772878
8.59689 -12.6125 -0.767393
8.61334 -12.6212 -0.762043
8.62983 -12.6298 -0.756828
8.64635 -12.6382 -0.75175
8.6629 -12.6466 -0.746809
8.67947 -12.6548 -0.742007
8.69605 -12.6629 -0.73734
8.71263 -12.6709 -0.732802
8.72922 -12.6787 -0.728384
8.7458 -12.6864 -0.724079
8.76237 -12.694 -0.719879
8.77893 -12.7014 -0.715775
8.79546 -12.7087 -0.711761
8.81198 -12.7158 -0.707828
8.82846 -12.7229 -0.703969
8.84491 -12.7297 -0.700175
8.86132 -12.7365 -0.69644
8.87768 -12.7431 -0.692754
8.894 -12.7495 -0.689111
8.91026 -12.7558 -0.685502
8.92646 -12.762 -0.68192
8.9426 -12.768 -0.678357
8.95866 -12.7738 -0.674805
8.97466 -12.7795 -0.671261
8.99059 -12.7851 -0.667723
9.00646 -12.7905 -0.664188
9.02227 -12.7958 -0.660653
9.03802 -12.8009 -0.657117
9.05372 -12.8059 -0.653577
9.06937 -12.8107 -0.65003
9.08497 -12.8154 -0.646474
9.10052 -12.82 -0.642907
9.11603 -12.8245 -0.639325
9.1315 -12.8288 -0.635728
9.14693 -12.8329 -0.632112
9.16233 -12.837 -0.628475
9.17769 -12.8409 -0.624814
9.19303 -12.8447 -0.621128
9.20834 -12.8483 -0.617413
9.22363 -12.8519 -0.613667
9.23889 -12.8553 -0.609891
9.25414 -12.8586 -0.606092
9.26938 -12.8617 -0.602282
9.28459 -12.8648 -0.59847
9.2998 -12.8678 -0.594665
9.315 -12.8706 -0.59088
9.33019 -12.8733 -0.587122
9.34538 -12.876 -0.583404
9.36056 -12.8785 -0.579734
9.37574 -12.881 -0.576123
9.39093 -12.8834 -0.572581
9.40612 -12.8856 -0.569118
9.42132 -12.8878 -0.565745
9.43652 -12.8899 -0.562471
9.45174 -12.892 -0.559307
9.46697 -12.8939 -0.556263
9.48222 -12.8958 -0.553348
9.49749 -12.8976 -0.550573
9.51277 -12.8994 -0.547946
9.52807 -12.9011 -0.545465
9.54339 -12.9027 -0.543123
9.55873 -12.9042 -0.540917
9.57408 -12.9057 -0.538842
9.58944 -12.9071 -0.536892
9.6048 -12.9084 -0.535064
9.62018 -12.9097 -0.533352
9.63556 -12.9108 -0.531751
9.65094 -12.9119 -0.530257
9.66632 -12.9129 -0.528865
9.68171 -12.9138 -0.52757
9.69709 -12.9146 -0.526367
9.71246 -12.9153 -0.525252
9.72783 -12.9159 -0.524219
9.74319 -12.9164 -0.523264
9.75855 -12.9168 -0.522382
9.77389 -12.917 -0.521561
9.78922 -12.9172 -0.520789
9.80455 -12.9173 -0.520051
9.81987 -12.9173 -0.519334
9.8352 -12.9171 -0.518623
9.85052 -12.9168 -0.517905
9.86584 -12.9164 -0.517165
9.88117 -12.9159 -0.516391
9.8965 -12.9152 -0.515568
9.91184 -12.9145 -0.514681
9.92719 -12.9135 -0.513719
9.94254 -12.9125 -0.512665
9.95791 -12.9113 -0.511507
9.9733 -12.9099 -0.510231
9.9887 -12.9085 -0.508822
10.0041 -12.9068 -0.507269
10.0196 -12.9051 -0.505572
10.035 -12.9032 -0.503741
10.0505 -12.9011 -0.501785
10.0661 -12.8989 -0.499712
10.0816 -12.8966 -0.497532
10.0972 -12.8942 -0.495255
10.1129 -12.8916 -0.492888
10.1286 -12.8889 -0.490441
10.1444 -12.8862 -0.487923
10.1602 -12.8833 -0.485344
10.1761 -12.8803 -0.482711
10.192 -12.8772 -0.480036
10.208 -12.874 -0.477325
10.2241 -12.8707 -0.474589
10.2403 -12.8673 -0.471836
10.2566 -12.8639 -0.469076
10.2729 -12.8604 -0.466317
10.2894 -12.8568 -0.463565
10.3059 -12.8531 -0.46083
10.3226 -12.8493 -0.45812
10.3393 -12.8455 -0.455441
10.3562 -12.8417 -0.452803
10.3732 -12.8378 -0.450212
10.3903 -12.8338 -0.447677
10.4075 -12.8298 -0.445206
10.4249 -12.8258 -0.442807
10.4424 -12.8217 -0.440487
10.4601 -12.8175 -0.438255
10.4779 -12.8134 -0.43611
10.4958 -12.8092 -0.434046
10.5138 -12.805 -0.432058
10.532 -12.8008 -0.43014
10.5502 -12.7966 -0.428284
10.5686 -12.7923 -0.426485
10.587 -12.788 -0.424737
10.6054 -12.7837 -0.423034
10.624 -12.7794 -0.421369
10.6425 -12.7751 -0.419736
10.6611 -12.7707 -0.418129
10.6797 -12.7664 -0.416543
10.6984 -12.7621 -0.41497
10.717 -12.7577 -0.413409
10.7356 -12.7533 -0.411858
10.7543 -12.749 -0.410312
10.7729 -12.7446 -0.408772
10.7916 -12.7403 -0.407233
10.8102 -12.7359 -0.405694
10.8289 -12.7316 -0.404152
10.8476 -12.7272 -0.402604
10.8663 -12.7228 -0.401049
10.885 -12.7185 -0.399484
10.9037 -12.7141 -0.397907
10.9224 -12.7098 -0.396315
10.9411 -12.7054 -0.394708
10.9599 -12.7011 -0.393088
10.9786 -12.6968 -0.391458
10.9974 -12.6925 -0.389818
11.0161 -12.6882 -0.388172
11.0349 -12.6839 -0.386522
11.0536 -12.6796 -0.384868
11.0724 -12.6753 -0.383214
11.0912 -12.6711 -0.381561
11.11 -12.6669 -0.379911
11.1288 -12.6627 -0.378267
11.1476 -12.6585 -0.37663
11.1664 -12.6544 -0.375002
11.1852 -12.6502 -0.373384
11.204 -12.6461 -0.371778
11.2228 -12.6421 -0.370184
11.2417 -12.638 -0.368604
11.2605 -12.634 -0.367038
11.2793 -12.63 -0.365488
11.2982 -12.6261 -0.363954
11.317 -12.6221 -0.362438
11.3359 -12.6182 -0.360941
11.3548 -12.6143 -0.359463
11.3736 -12.6105 -0.358006
11.3925 -12.6066 -0.356571
11.4114 -12.6028 -0.355158
11.4303 -12.599 -0.353766
11.4492 -12.5953 -0.352396
11.4681 -12.5915 -0.351046
11.487 -12.5878 -0.349717
11.5059 -12.5841 -0.348408
11.5248 -12.5804 -0.347118
11.5436 -12.5767 -0.345847
11.5625 -12.5731 -0.344594
11.5814 -12.5695 -0.34336
11.6003 -12.5659 -0.342143
11.6191 -12.5623 -0.340944
11.638 -12.5587 -0.339762
11.6569 -12.5551 -0.338597
11.6757 -12.5515 -0.337455
11.6945 -12.548 -0.336338
11.7134 -12.5444 -0.335249
11.7322 -12.5409 -0.334193
11.751 -12.5374 -0.333173
11.7698 -12.5338 -0.332193
11.7887 -12.5303 -0.331255
11.8075 -12.5268 -0.330364
11.8263 -12.5233 -0.329524
11.8452 -12.5197 -0.328737
11.864 -12.5162 -0.328008
11.8828 -12.5127 -0.32734
11.9017 -12.5092 -0.326736
11.9206 -12.5056 -0.326197
11.9394 -12.5021 -0.325719
11.9583 -12.4986 -0.325298
11.9772 -12.495 -0.324932
11.9961 -12.4914 -0.324617
12.015 -12.4878 -0.324348
12.0339 -12.4842 -0.324122
12.0527 -12.4805 -0.323936
12.0716 -12.4769 -0.323786
12.0905 -12.4732 -0.323668
12.1093 -12.4694 -0.32358
12.1282 -12.4656 -0.323516
12.147 -12.4618 -0.323474
12.1658 -12.4579 -0.32345
12.1846 -12.454 -0.32344
12.2034 -12.4501 -0.323444
12.2222 -12.4461 -0.323461
12.2409 -12.442 -0.323491
12.2597 -12.4379 -0.323535
12.2784 -12.4337 -0.323592
12.297 -12.4294 -0.323664
12.3157 -12.4251 -0.323749
12.3343 -12.4207 -0.323848
12.3529 -12.4163 -0.323962
12.3714 -12.4118 -0.32409
12.3899 -12.4072 -0.324232
12.4084 -12.4025 -0.324389
12.4269 -12.3978 -0.324561
12.4453 -12.3929 -0.324747
12.4636 -12.388 -0.324948
12.4819 -12.383 -0.325159
12.5002 -12.3779 -0.325371
12.5184 -12.3727 -0.325579
12.5366 -12.3674 -0.325774
12.5547 -12.362 -0.32595
12.5728 -12.3565 -0.3261
12.5908 -12.3509 -0.326215
12.6088 -12.3451 -0.32629
12.6268 -12.3393 -0.326316
12.6446 -12.3334 -0.326287
12.6625 -12.3273 -0.326195
12.6802 -12.3211 -0.326034
12.6979 -12.3148 -0.325795
12.7156 -12.3083 -0.325472
12.7332 -12.3018 -0.325058
12.7507 -12.2951 -0.324548
12.7682 -12.2882 -0.323947
12.7856 -12.2812 -0.323259
12.803 -12.2741 -0.32249
12.8202 -12.2669 -0.321643
12.8375 -12.2595 -0.320725
12.8546 -12.252 -0.319739
12.8717 -12.2443 -0.31869
12.8888 -12.2365 -0.317585
12.9057 -12.2286 -0.316427
12.9226 -12.2205 -0.315221
12.9394 -12.2123 -0.313972
12.9562 -12.204 -0.312686
12.9729 -12.1955 -0.311367
12.9895 -12.1869 -0.310019
13.006 -12.1781 -0.308648
13.0224 -12.1692 -0.307259
13.0388 -12.1601 -0.305853
13.0551 -12.151 -0.304434
13.0714 -12.1416 -0.303004
13.0875 -12.1322 -0.301566
13.1036 -12.1226 -0.300121
13.1197 -12.1128 -0.298673
13.1356 -12.1029 -0.297225
13.1515 -12.0929 -0.295777
13.1673 -12.0828 -0.294334
13.1831 -12.0725 -0.292897
13.1988 -12.062 -0.291468
13.2144 -12.0515 -0.290052
13.23 -12.0407 -0.288649
13.2455 -12.0299 -0.287262
13.2609 -12.0189 -0.285895
13.2763 -12.0078 -0.284546
13.2916 -11.9965 -0.283217
13.3069 -11.9852 -0.281907
13.322 -11.9737 -0.280614
13.3371 -11.9621 -0.279339
13.352 -11.9503 -0.278081
13.3669 -11.9385 -0.27684
13.3816 -11.9266 -0.275615
13.3963 -11.9145 -0.274405
13.4108 -11.9024 -0.273211
13.4252 -11.8902 -0.272031
13.4395 -11.8779 -0.270866
13.4536 -11.8655 -0.269714
13.4676 -11.8531 -0.268575
13.4815 -11.8405 -0.267449
13.4952 -11.8279 -0.266337
13.5088 -11.8153 -0.265243
13.5222 -11.8025 -0.26417
13.5354 -11.7897 -0.263122
13.5485 -11.7769 -0.262102
13.5615 -11.764 -0.261114
13.5743 -11.751 -0.260163
13.5869 -11.738 -0.25925
13.5994 -11.725 -0.258381
13.6118 -11.7119 -0.257558
13.624 -11.6987 -0.256786
13.636 -11.6855 -0.256068
13.6479 -11.6723 -0.255407
13.6597 -11.659 -0.254807
13.6713 -11.6457 -0.254272
13.6827 -11.6324 -0.253801
13.694 -11.619 -0.253392
13.7052 -11.6057 -0.253045
13.7162 -11.5922 -0.252757
13.727 -11.5788 -0.252526
13.7377 -11.5653 -0.252351
13.7483 -11.5518 -0.25223
13.7587 -11.5383 -0.252161
13.7689 -11.5247 -0.252142
13.7791 -11.5112 -0.252172
13.789 -11.4976 -0.252248
13.7988 -11.4839 -0.25237
13.8085 -11.4703 -0.252535
13.818 -11.4567 -0.252742
13.8274 -11.443 -0.252988
13.8366 -11.4293 -0.253272
13.8457 -11.4156 -0.253595
13.8546 -11.4019 -0.253959
13.8634 -11.3882 -0.254367
13.8721 -11.3744 -0.254822
13.8806 -11.3607 -0.255326
13.8889 -11.347 -0.255884
13.8971 -11.3333 -0.256498
13.9052 -11.3196 -0.25717
13.9131 -11.3059 -0.257905
13.9208 -11.2922 -0.258704
13.9284 -11.2786 -0.259571
13.9359 -11.265 -0.260509
13.9432 -11.2514 -0.26152
13.9504 -11.2379 -0.262609
13.9574 -11.2244 -0.263776
13.9642 -11.211 -0.265027
13.9709 -11.1976 -0.266361
13.9775 -11.1842 -0.267772
13.9839 -11.1709 -0.269252
13.9902 -11.1576 -0.270792
13.9963 -11.1444 -0.272384
14.0023 -11.1312 -0.274018
14.0081 -11.1181 -0.275688
14.0137 -11.105 -0.277383
14.0193 -11.0919 -0.279096
14.0247 -11.0788 -0.280818
14.0299 -11.0658 -0.28254
14.035 -11.0528 -0.284254
14.04 -11.0399 -0.285952
14.0448 -11.027 -0.287625
14.0495 -11.0141 -0.289264
14.054 -11.0012 -0.290862
14.0584 -10.9883 -0.292409
14.0627 -10.9755 -0.293901
14.0668 -10.9626 -0.295332
14.0707 -10.9498 -0.296698
14.0746 -10.9371 -0.297993
14.0783 -10.9243 -0.299213
14.0818 -10.9115 -0.300351
14.0853 -10.8988 -0.301403
14.0886 -10.886 -0.302364
14.0917 -10.8733 -0.303229
14.0947 -10.8606 -0.303993
14.0976 -10.8479 -0.30465
14.1003 -10.8351 -0.305195
14.1029 -10.8224 -0.305624
14.1054 -10.8097 -0.305931
14.1077 -10.797 -0.306112
14.1099 -10.7843 -0.30616
14.1119 -10.7716 -0.306071
14.1138 -10.7589 -0.30584
14.1156 -10.7462 -0.305462
14.1172 -10.7335 -0.304937
14.1187 -10.7207 -0.304271
14.1201 -10.708 -0.303471
14.1213 -10.6952 -0.302543
14.1224 -10.6824 -0.301493
14.1234 -10.6696 -0.300328
14.1242 -10.6568 -0.299054
14.1249 -10.6439 -0.297676
14.1255 -10.631 -0.296203
14.1259 -10.618 -0.294639
14.1262 -10.605 -0.292991
14.1263 -10.5919 -0.291266
14.1264 -10.5788 -0.289469
14.1263 -10.5656 -0.287608
14.126 -10.5523 -0.285688
14.1257 -10.539 -0.283716
14.1252 -10.5256 -0.281698
14.1246 -10.5121 -0.279641
14.1238 -10.4985 -0.277549
14.1229 -10.4849 -0.275424
14.1219 -10.4711 -0.273267
14.1208 -10.4573 -0.271077
14.1195 -10.4434 -0.268857
14.1181 -10.4294 -0.266605
14.1165 -10.4153 -0.264322
14.1148 -10.4011 -0.262009
14.113 -10.3868 -0.259666
14.111 -10.3725 -0.257294
14.1089 -10.358 -0.254893
14.1067 -10.3434 -0.252463
14.1043 -10.3288 -0.250006
14.1017 -10.314 -0.24752
14.099 -10.2991 -0.245008
14.0962 -10.2841 -0.242469
14.0932 -10.2691 -0.239904
14.09 -10.2539 -0.237316
14.0867 -10.2386 -0.234706
14.0833 -10.2233 -0.232079
14.0797 -10.2078 -0.229434
14.076 -10.1923 -0.226776
14.0721 -10.1767 -0.224106
14.0681 -10.161 -0.221427
14.0639 -10.1452 -0.218741
14.0596 -10.1294 -0.21605
14.0551 -10.1135 -0.213357
14.0505 -10.0975 -0.210663
14.0458 -10.0815 -0.207973
14.0409 -10.0655 -0.205286
14.0359 -10.0494 -0.202607
14.0307 -10.0332 -0.199937
14.0254 -10.017 -0.197277
14.02 -10.0008 -0.194625
14.0144 -9.98452 -0.191981
14.0087 -9.96822 -0.189344
14.0028 -9.95188 -0.186714
13.9969 -9.93551 -0.184089
13.9907 -9.91912 -0.181468
13.9845 -9.9027 -0.178852
13.9781 -9.88626 -0.176239
13.9716 -9.8698 -0.173629
13.965 -9.85332 -0.17102
13.9582 -9.83682 -0.168412
13.9513 -9.82031 -0.165805
13.9442 -9.80379 -0.163195
13.9371 -9.78726 -0.160572
13.9298 -9.77074 -0.157927
13.9224 -9.75422 -0.155248
13.9149 -9.73772 -0.152524
13.9072 -9.72124 -0.149745
13.8995 -9.70479 -0.1469
13.8916 -9.68838 -0.143979
13.8836 -9.672 -0.14097
13.8755 -9.65567 -0.137863
13.8673 -9.6394 -0.134648
13.859 -9.62319 -0.131312
13.8506 -9.60704 -0.127847
13.8421 -9.59097 -0.12424
13.8335 -9.57497 -0.120494
13.8248 -9.55906 -0.116618
13.816 -9.54323 -0.112628
13.8071 -9.5275 -0.108535
13.7981 -9.51186 -0.104353
13.7891 -9.49632 -0.100094
13.7799 -9.48088 -0.0957724
13.7707 -9.46555 -0.0914002
13.7614 -9.45032 -0.0869905
13.7521 -9.43522 -0.0825565
13.7426 -9.42022 -0.0781111
13.7332 -9.40536 -0.0736672
13.7236 -9.39061 -0.069238
13.714 -9.376 -0.0648353
13.7043 -9.36152 -0.0604635
13.6946 -9.34717 -0.0561231
13.6849 -9.33295 -0.0518148
13.675 -9.31888 -0.0475392
13.6652 -9.30494 -0.0432969
13.6553 -9.29114 -0.0390884
13.6454 -9.27748 -0.0349144
13.6354 -9.26396 -0.0307756
13.6254 -9.25059 -0.0266724
13.6154 -9.23736 -0.0226056
13.6054 -9.22428 -0.0185757
13.5953 -9.21134 -0.0145834
13.5852 -9.19856 -0.010629
13.5751 -9.18593 -0.00671208
13.565 -9.17344 -0.00283188
13.5548 -9.16111 0.00101237
13.5447 -9.14892 0.00482146
13.5345 -9.13688 0.00859613
13.5244 -9.12499 0.0123372
13.5142 -9.11325 0.0160453
13.504 -9.10166 0.0197214
13.4938 -9.09021 0.0233661
13.4836 -9.07891 0.0269803
13.4734 -9.06775 0.0305646
13.4632 -9.05675 0.0341199
13.4529 -9.04588 0.037647
13.4427 -9.03517 0.0411465
13.4325 -9.0246 0.0446192
13.4223 -9.01417 0.0480624
13.412 -9.00389 0.0514693
13.4018 -8.99375 0.0548327
13.3916 -8.98376 0.0581456
13.3814 -8.9739 0.0614008
13.3711 -8.96419 0.0645911
13.3609 -8.95463 0.0677096
13.3507 -8.9452 0.0707491
13.3405 -8.93592 0.0737024
13.3302 -8.92677 0.0765625
13.32 -8.91777 0.0793223
13.3098 -8.9089 0.0819746
13.2996 -8.90018 0.0845123
13.2894 -8.89159 0.0869283
13.2792 -8.88314 0.0892156
13.269 -8.87483 0.0913669
13.2589 -8.86665 0.0933762
13.2487 -8.85861 0.0952427
13.2385 -8.85071 0.0969673
13.2284 -8.84294 0.0985508
13.2182 -8.83531 0.0999941
13.208 -8.82781 0.101298
13.1979 -8.82045 0.102464
13.1877 -8.81322 0.103492
13.1775 -8.80612 0.104383
13.1673 -8.79916 0.105139
13.1572 -8.79232 0.10576
13.147 -8.78562 0.106246
13.1368 -8.77905 0.1066
13.1266 -8.77261 0.106821
13.1164 -8.7663 0.106911
13.1061 -8.76012 0.106871
13.0959 -8.75406 0.1067
13.0857 -8.74814 0.1064
13.0754 -8.74235 0.105969
13.0652 -8.7367 0.105408
13.0549 -8.73118 0.104718
13.0447 -8.72579 0.103896
13.0345 -8.72055 0.102945
13.0243 -8.71544 0.101864
13.0141 -8.71048 0.100652
13.0039 -8.70565 0.0993093
12.9938 -8.70098 0.0978366
12.9837 -8.69644 0.0962335
12.9736 -8.69205 0.0944999
12.9636 -8.68781 0.0926357
12.9536 -8.68372 0.090641
12.9437 -8.67978 0.0885157
12.9338 -8.676 0.0862598
12.9239 -8.67236 0.0838737
12.9142 -8.66888 0.0813642
12.9044 -8.66554 0.0787416
12.8947 -8.66235 0.0760166
12.8851 -8.65929 0.0731997
12.8755 -8.65636 0.0703016
12.8659 -8.65357 0.0673326
12.8564 -8.6509 0.0643035
12.8468 -8.64835 0.0612247
12.8373 -8.64591 0.0581068
12.8278 -8.64359 0.0549605
12.8183 -8.64137 0.0517961
12.8089 -8.63925 0.0486244
12.7994 -8.63723 0.0454559
12.7899 -8.63531 0.042301
12.7804 -8.63347 0.0391705
12.7709 -8.63171 0.0360748
12.7613 -8.63004 0.0330242
12.7518 -8.62844 0.0300258
12.7422 -8.62692 0.0270848
12.7326 -8.62547 0.0242063
12.723 -8.62408 0.0213953
12.7133 -8.62276 0.0186571
12.7036 -8.62149 0.0159966
12.6938 -8.62029 0.013419
12.684 -8.61914 0.0109294
12.6741 -8.61804 0.0085329
12.6642 -8.61698 0.00623461
12.6542 -8.61597 0.00403962
12.6442 -8.61501 0.00195304
12.6341 -8.61408 -2.00191e-05
12.6239 -8.61319 -0.00187446
12.6136 -8.61233 -0.00360518
12.6033 -8.6115 -0.00520706
12.5929 -8.61069 -0.00667501
12.5824 -8.60991 -0.00800393
12.5718 -8.60915 -0.0091887
12.5611 -8.6084 -0.0102242
12.5503 -8.60767 -0.0111054
12.5394 -8.60695 -0.0118278
12.5284 -8.60623 -0.0123952
12.5173 -8.60553 -0.0128165
12.5061 -8.60484 -0.013101
12.4948 -8.60416 -0.0132577
12.4834 -8.60348 -0.0132957
12.4718 -8.60282 -0.0132242
12.4602 -8.60218 -0.0130523
12.4485 -8.60154 -0.0127891
12.4367 -8.60092 -0.0124438
12.4248 -8.60031 -0.0120253
12.4128 -8.59971 -0.011543
12.4006 -8.59913 -0.0110058
12.3884 -8.59856 -0.010423
12.3761 -8.59801 -0.00980354
12.3637 -8.59747 -0.00915666
12.3512 -8.59694 -0.00849145
12.3386 -8.59644 -0.00781703
12.3259 -8.59594 -0.00714252
12.3131 -8.59547 -0.00647704
12.3002 -8.59501 -0.0058297
12.2872 -8.59457 -0.00520963
12.2741 -8.59415 -0.00462596
12.2609 -8.59375 -0.0040874
12.2476 -8.59336 -0.00359659
12.2343 -8.59299 -0.00315124
12.2208 -8.59265 -0.00274894
12.2072 -8.59233 -0.00238727
12.1935 -8.59202 -0.00206382
12.1797 -8.59175 -0.00177616
12.1657 -8.59149 -0.00152189
12.1517 -8.59126 -0.0012986
12.1375 -8.59106 -0.00110385
12.1232 -8.59088 -0.000935247
12.1088 -8.59073 -0.000790365
12.0942 -8.59061 -0.000666792
12.0795 -8.59051 -0.000562111
12.0647 -8.59045 -0.000473907
12.0497 -8.59041 -0.000399765
12.0345 -8.59041 -0.000337269
12.0193 -8.59044 -0.000284004
12.0038 -8.5905 -0.000237596
11.9882 -8.5906 -0.000196663
11.9725 -8.59073 -0.000160825
11.9566 -8.5909 -0.000129743
11.9406 -8.5911 -0.000103081
11.9244 -8.59134 -8.0501e-05
11.9081 -8.59163 -6.16671e-05
11.8917 -8.59195 -4.62418e-05
11.8751 -8.59232 -3.38881e-05
11.8584 -8.59273 -2.42689e-05
11.8416 -8.59318 -1.70472e-05
11.8247 -8.59368 -1.1886e-05
11.8076 -8.59423 -8.44814e-06
11.7905 -8.59483 -6.39666e-06
11.7732 -8.59547 -5.39451e-06
11.7559 -8.59617 -5.10464e-06
11.7384 -8.59692 -5.19002e-06
11.7209 -8.59772 -5.31713e-06
11.7032 -8.59857 -5.29816e-06
11.6855 -8.59948 -5.13931e-06
11.6677 -8.60045 -4.86029e-06
11.6497 -8.60148 -4.48075e-06
11.6317 -8.60256 -4.02039e-06
11.6136 -8.6037 -3.49889e-06
11.5953 -8.60491 -2.93592e-06
11.577 -8.60618 -2.35116e-06
11.5586 -8.60751 -1.76431e-06
11.54 -8.60891 -1.19503e-06
11.5213 -8.61037 -6.63016e-07
11.5026 -8.6119 -1.87939e-07
11.4837 -8.6135 2.10517e-07
11.4647 -8.61517 5.16983e-07
11.4455 -8.61691 7.35461e-07
11.4263 -8.61872 8.75391e-07
11.407 -8.62059 9.46214e-07
11.3876 -8.62253 9.5737e-07
11.3682 -8.62453 9.183e-07
11.3486 -8.6266 8.38444e-07
11.329 -8.62873 7.27243e-07
11.3094 -8.63092 5.94138e-07
11.2897 -8.63317 4.48568e-07
11.27 -8.63547 2.99974e-07
11.2502 -8.63784 1.57797e-07
11.2305 -8.64026 3.14772e-08
11.2107 -8.64274 -7.01917e-08
11.1909 -8.64528 -1.45504e-07
11.1711 -8.64786 -1.97128e-07
11.1512 -8.65051 -2.27799e-07
11.1314 -8.6532 -2.40248e-07
11.1116 -8.65595 -2.37211e-07
11.0917 -8.65875 -2.21419e-07
11.0719 -8.6616 -1.95607e-07
11.052 -8.6645 -1.62509e-07
11.0321 -8.66746 -1.24857e-07
11.0122 -8.67046 -8.53857e-08
10.9923 -8.67351 -4.68279e-08
10.9724 -8.67661 -1.19174e-08
10.9525 -8.67976 1.66746e-08
10.9325 -8.68296 3.78999e-08
10.9126 -8.68621 5.24511e-08
10.8926 -8.68951 6.11064e-08
10.8727 -8.69285 6.46437e-08
10.8527 -8.69624 6.38413e-08
10.8327 -8.69969 5.94771e-08
10.8127 -8.70318 5.23292e-08
10.7927 -8.70672 4.31758e-08
10.7727 -8.71031 3.27949e-08
10.7528 -8.71395 2.19645e-08
10.7328 -8.71764 1.14628e-08
10.7128 -8.72138 2.06788e-09
10.6928 -8.72517 -5.4824e-09
10.6728 -8.72901 -1.10001e-08
10.6528 -8.73291 -1.46962e-08
10.6328 -8.73685 -1.67906e-08
10.6128 -8.74084 -1.75032e-08
10.5928 -8.74488 -1.7054e-08
10.5728 -8.74896 -1.5663e-08
10.5529 -8.7531 -1.35499e-08
10.5329 -8.75728 -1.09348e-08
10.513 -8.76151 -8.03757e-09
10.493 -8.76579 -5.07815e-09
10.4731 -8.77012 -2.27647e-09
10.4532 -8.77449 1.4756e-10
10.4333 -8.7789 2.01826e-09
10.4135 -8.78337 3.34729e-09
10.3936 -8.78787 4.19586e-09
10.3738 -8.79243 4.62521e-09
10.354 -8.79702 4.69653e-09
10.3342 -8.80165 4.47104e-09
10.3145 -8.80633 4.00997e-09
10.2947 -8.81105 3.37452e-09
10.275 -8.8158 2.62591e-09
10.2553 -8.8206 1.82536e-09
10.2357 -8.82543 1.03408e-09
10.216 -8.8303 3.13295e-10
10.1964 -8.8352 -2.77236e-10
10.1769 -8.84014 -7.14097e-10
10.1573 -8.84512 -1.01207e-09
10.1378 -8.85012 -1.18774e-09
10.1183 -8.85516 -1.25771e-09
10.0988 -8.86023 -1.23856e-09
10.0794 -8.86532 -1.14689e-09
10.06 -8.87044 -9.99284e-10
10.0406 -8.87559 -8.1234e-10
10.0213 -8.88076 -6.02647e-10
10.002 -8.88596 -3.86798e-10
9.98272 -8.89117 -1.81383e-10
9.96348 -8.89641 -2.99483e-12
9.94427 -8.90167 1.35089e-10
9.9251 -8.90694 2.33615e-10
9.90596 -8.91223 2.97039e-10
9.88684 -8.91754 3.29817e-10
9.86776 -8.92286 3.36405e-10
9.84871 -8.9282 3.21259e-10
9.82969 -8.93355 2.88836e-10
9.81069 -8.9389 2.43591e-10
9.79172 -8.94427 1.8998e-10
9.77278 -8.94965 1.32461e-10
9.75386 -8.95503 7.54882e-11
9.73497 -8.96042 2.35185e-11
9.7161 -8.96582 -1.9097e-11
9.69725 -8.97122 -5.06475e-11
9.67842 -8.97663 -7.21953e-11
9.65962 -8.98203 -8.49346e-11
9.64083 -8.98744 -9.00594e-11
9.62206 -8.99285 -8.87636e-11
9.6033 -8.99826 -8.22413e-11
9.58456 -9.00367 -7.16864e-11
9.56583 -9.00907 -5.82931e-11
9.54711 -9.01448 -4.32552e-11
9.52839 -9.01988 -2.77669e-11
9.50969 -9.02527 -1.30222e-11
9.49099 -9.03066 -2.14956e-13
9.4723 -9.03605 9.69903e-12
9.45361 -9.04143 1.67729e-11
9.43492 -9.0468 2.13265e-11
9.41623 -9.05216 2.36798e-11
9.39754 -9.05751 2.41528e-11
9.37885 -9.06286 2.30654e-11
9.36015 -9.06819 2.07375e-11
9.34144 -9.07351 1.7489e-11
9.32273 -9.07882 1.364e-11
9.304 -9.08412 9.51028e-12
9.28527 -9.0894 5.41982e-12
9.26652 -9.09467 1.68856e-12
9.24775 -9.09992 -1.3711e-12
9.22898 -9.10516 -3.63632e-12
9.21018 -9.11038 -5.18339e-12
9.19137 -9.11559 -6.09803e-12
9.17253 -9.12077 -6.46597e-12
9.15368 -9.12594 -6.37293e-12
9.13481 -9.1311 -5.90465e-12
9.11592 -9.13623 -5.14685e-12
9.09701 -9.14135 -4.18525e-12
9.07807 -9.14645 -3.10558e-12
9.05911 -9.15153 -1.99357e-12
9.04013 -9.15659 -9.34948e-13
9.02112 -9.16163 -1.54317e-14
9.00208 -9.16665 6.9636e-13
8.98302 -9.17165 1.20424e-12
8.96394 -9.17663 1.53116e-12
8.94482 -9.18159 1.70011e-12
8.92568 -9.18653 1.73405e-12
8.90652 -9.19145 1.65595e-12
8.88733 -9.19635 1.48878e-12
8.86811 -9.20123 1.25549e-12
8.84886 -9.20609 9.79076e-13
8.82959 -9.21094 6.82489e-13
8.8103 -9.21576 3.88702e-13
8.79097 -9.22056 1.20683e-13
8.77163 -9.22535 -9.91397e-14
8.75225 -9.23011 -2.61944e-13
8.73285 -9.23486 -3.73198e-13
8.71342 -9.23959 -4.39048e-13
8.69397 -9.2443 -4.6564e-13
8.67449 -9.249 -4.5912e-13
8.65499 -9.25368 -4.25634e-13
8.63546 -9.25834 -3.71328e-13
8.61591 -9.26299 -3.02348e-13
8.59633 -9.26763 -2.24841e-13
8.57673 -9.27225 -1.44952e-13
8.55711 -9.27686 -6.8827e-14
8.53746 -9.28146 -2.61263e-15
8.51779 -9.28604 4.87691e-14
8.49809 -9.29062 8.55765e-14
8.47838 -9.29519 1.09438e-13
8.45864 -9.29974 1.21982e-13
8.43889 -9.30429 1.24838e-13
8.41912 -9.30883 1.19633e-13
8.39933 -9.31337 1.07997e-13
8.37953 -9.3179 9.15582e-14
8.35971 -9.32242 7.19448e-14
8.33988 -9.32694 5.07855e-14
8.32004 -9.33145 2.97089e-14
8.30019 -9.33597 1.03437e-14
8.28033 -9.34048 -5.70552e-15
8.26046 -9.34498 -1.7703e-14
8.24058 -9.34949 -2.60098e-14
8.2207 -9.354 -3.10572e-14
8.20081 -9.35851 -3.32766e-14
8.18092 -9.36301 -3.30993e-14
8.16103 -9.36752 -3.09565e-14
8.14114 -9.37202 -2.72795e-14
8.12125 -9.37653 -2.24997e-14
8.10136 -9.38104 -1.70482e-14
8.08148 -9.38555 -1.13565e-14
8.0616 -9.39006 -5.85579e-15
8.04173 -9.39457 -9.77349e-16
8.02187 -9.39909 2.89347e-15
8.00202 -9.4036 5.71447e-15
7.98218 -9.40812 7.59863e-15
7.96235 -9.41264 8.65965e-15
7.94253 -9.41716 9.01125e-15
7.92273 -9.42167 8.76715e-15
7.90294 -9.42618 8.04108e-15
7.88316 -9.43069 6.94674e-15
7.86341 -9.4352 5.59787e-15
7.84367 -9.4397 4.10817e-15
7.82395 -9.44419 2.59136e-15
7.80425 -9.44868 1.16117e-15
7.78457 -9.45317 -6.87246e-17
7.76492 -9.45764 -1.01806e-15
7.74528 -9.4621 -1.70004e-15
7.72567 -9.46656 -2.14405e-15
7.70607 -9.471 -2.37951e-15
7.6865 -9.47543 -2.43583e-15
7.66695 -9.47984 -2.34241e-15
7.64742 -9.48423 -2.12866e-15
7.62791 -9.48861 -1.82399e-15
7.60842 -9.49297 -1.4578e-15
7.58895 -9.49731 -1.05952e-15
7.5695 -9.50163 -6.5853e-16
7.55007 -9.50592 -2.84255e-16
7.53065 -9.51019 3.40349e-17
7.51126 -9.51443 2.79336e-16
7.49188 -9.51864 4.56671e-16
7.47252 -9.52283 5.7336e-16
7.45318 -9.52699 6.36719e-16
7.43385 -9.53112 6.54068e-16
7.41454 -9.53521 6.32725e-16
7.39524 -9.53928 5.80009e-16
7.37595 -9.54331 5.03236e-16
7.35667 -9.5473 4.09727e-16
7.3374 -9.55126 3.06798e-16
7.31815 -9.55519 2.01769e-16
7.2989 -9.55908 1.01958e-16
7.27966 -9.56293 1.46825e-17
7.26043 -9.56674 -5.44704e-17
7.2412 -9.57051 -1.05966e-16
7.22198 -9.57424 -1.41591e-16
7.20276 -9.57794 -1.63132e-16
7.18355 -9.58159 -1.72375e-16
7.16435 -9.5852 -1.71107e-16
7.14515 -9.58878 -1.61113e-16
7.12595 -9.59231 -1.44182e-16
7.10675 -9.59581 -1.22098e-16
7.08755 -9.59926 -9.66493e-17
7.06836 -9.60268 -6.96212e-17
7.04917 -9.60605 -4.28005e-17
7.02997 -9.60939 -1.79737e-17
7.01078 -9.61268 3.08544e-18
6.99158 -9.61594 1.94178e-17
6.97239 -9.61916 3.13597e-17
6.95319 -9.62233 3.93631e-17
6.93399 -9.62547 4.38795e-17
6.91479 -9.62857 4.53608e-17
6.89559 -9.63163 4.42588e-17
6.87639 -9.63465 4.10251e-17
6.85719 -9.63763 3.61116e-17
6.83798 -9.64058 2.997e-17
6.81878 -9.64349 2.3052e-17
6.79957 -9.64637 1.58094e-17
6.78036 -9.64921 8.69402e-18
6.76115 -9.65201 2.15752e-18
6.74193 -9.65478 -3.35033e-18
6.72272 -9.65751 -7.57136e-18
6.7035 -9.66021 -1.05944e-17
6.68428 -9.66287 -1.25447e-17
6.66506 -9.6655 -1.35478e-17
6.64583 -9.6681 -1.37289e-17
6.62661 -9.67066 -1.32135e-17
6.60738 -9.6732 -1.2127e-17
6.58815 -9.67569 -1.05947e-17
6.56891 -9.67816 -8.74193e-18
6.54968 -9.6806 -6.69414e-18
6.53043 -9.683 -4.57668e-18
6.51119 -9.68537 -2.51492e-18
6.49194 -9.68771 -6.3424e-19
6.47269 -9.69002 9.4004e-19
6.45344 -9.69231 2.1214e-18
6.43418 -9.69456 2.93294e-18
6.41491 -9.69678 3.417e-18
6.39565 -9.69897 3.61591e-18
6.37637 -9.70113 3.57199e-18
6.35709 -9.70326 3.32758e-18
6.3378 -9.70537 2.92501e-18
6.3185 -9.70744 2.40661e-18
6.29919 -9.70949 1.81471e-18
6.27987 -9.7115 1.19164e-18
6.26054 -9.71349 5.79726e-19
6.2412 -9.71544 2.13024e-20
6.22185 -9.71737 -4.41301e-19
6.20249 -9.71927 -7.65754e-19
6.18311 -9.72114 -9.19477e-19
6.16372 -9.72298 -9.12992e-19
6.14431 -9.72479 -7.68733e-19
6.1249 -9.72658 -5.09134e-19
6.10546 -9.72833 -1.56627e-19
6.08602 -9.73006 2.66355e-19
6.06655 -9.73175 7.37378e-19
6.04708 -9.73342 1.23401e-18
6.02758 -9.73506 1.73382e-18
6.00808 -9.73667 2.21436e-18
5.98855 -9.73825 2.65322e-18
5.96901 -9.7398 3.02795e-18
5.94946 -9.74132 3.31613e-18
5.92988 -9.74281 3.49531e-18
5.91029 -9.74427 3.54826e-18
5.89068 -9.7457 3.48271e-18
5.87106 -9.74711 3.31395e-18
5.85142 -9.74848 3.05726e-18
5.83177 -9.74982 2.72792e-18
5.8121 -9.75114 2.34121e-18
5.79242 -9.75242 1.9124e-18
5.77272 -9.75368 1.45678e-18
5.75302 -9.7549 9.89627e-19
5.7333 -9.7561 5.2622e-19
5.71356 -9.75726 8.18384e-20
5.69382 -9.7584 -3.28237e-19
5.67407 -9.75951 -6.88727e-19
5.6543 -9.76058 -9.84386e-19
5.63453 -9.76163 -1.20607e-18
5.61474 -9.76265 -1.35765e-18
5.59495 -9.76364 -1.44468e-18
5.57515 -9.76459 -1.47269e-18
5.55534 -9.76552 -1.44722e-18
5.53552 -9.76643 -1.37383e-18
5.51569 -9.7673 -1.25805e-18
5.49585 -9.76814 -1.10543e-18
5.47601 -9.76896 -9.21506e-19
5.45616 -9.76975 -7.11829e-19
5.4363 -9.77051 -4.81941e-19
5.41644 -9.77124 -2.37384e-19
5.39656 -9.77195 1.6299e-20
5.37668 -9.77262 2.73725e-19
5.3568 -9.77328 5.30383e-19
5.33691 -9.7739 7.82049e-19
5.31701 -9.7745 1.0245e-18
5.29711 -9.77507 1.25352e-18
5.2772 -9.77562 1.46488e-18
5.25729 -9.77614 1.65436e-18
5.23737 -9.77664 1.81774e-18
5.21745 -9.77711 1.9508e-18
5.19753 -9.77755 2.04932e-18
5.1776 -9.77798 2.10906e-18
5.15767 -9.77837 2.12582e-18
5.13773 -9.77875 2.09537e-18
5.11779 -9.7791 2.01516e-18
5.09785 -9.77942 1.89003e-18
5.07791 -9.77972 1.72686e-18
5.05797 -9.78 1.53254e-18
5.03802 -9.78026 1.31395e-18
5.01807 -9.78049 1.07796e-18
4.99812 -9.78071 8.31468e-19
4.97817 -9.78089 5.81343e-19
4.95821 -9.78106 3.34469e-19
4.93826 -9.78121 9.77289e-20
4.9183 -9.78133 -1.21997e-19
4.89834 -9.78143 -3.17827e-19
4.87838 -9.78151 -4.82902e-19
4.85842 -9.78157 -6.13222e-19
4.83845 -9.78161 -7.10493e-19
4.81849 -9.78162 -7.77097e-19
4.79852 -9.78162 -8.15416e-19
4.77855 -9.7816 -8.27832e-19
4.75858 -9.78156 -8.16727e-19
4.73861 -9.78149 -7.84482e-19
4.71863 -9.78141 -7.33481e-19
4.69866 -9.78131 -6.66104e-19
4.67868 -9.78119 -5.84734e-19
4.6587 -9.78106 -4.91753e-19
4.63872 -9.7809 -3.89543e-19
4.61873 -9.78073 -2.80488e-19
4.59875 -9.78054 -1.67014e-19
4.57876 -9.78033 -5.15732e-20
4.55877 -9.7801 6.33792e-20
4.53878 -9.77986 1.75389e-19
4.51878 -9.77961 2.82003e-19
4.49879 -9.77933 3.80766e-19
4.4788 -9.77905 4.69225e-19
4.4588 -9.77875 5.44924e-19
4.43881 -9.77843 6.0541e-19
4.41882 -9.7781 6.48229e-19
4.39882 -9.77776 6.70926e-19
4.37883 -9.77741 6.71048e-19
4.35884 -9.77705 6.47377e-19
4.33885 -9.77667 6.0276e-19
4.31886 -9.77628 5.4088e-19
4.29887 -9.77589 4.65419e-19
4.27889 -9.77548 3.80059e-19
4.2589 -9.77507 2.88483e-19
4.23893 -9.77465 1.94372e-19
4.21895 -9.77422 1.01409e-19
4.19898 -9.77379 1.32756e-20
4.17901 -9.77335 -6.63453e-20
4.15904 -9.77291 -1.33772e-19
4.13908 -9.77247 -1.85322e-19
4.11912 -9.77202 -2.17482e-19
4.09917 -9.77157 -2.29998e-19
4.07923 -9.77112 -2.25556e-19
4.05928 -9.77067 -2.06946e-19
4.03935 -9.77022 -1.76961e-19
4.01941 -9.76977 -1.38392e-19
3.99949 -9.76933 -9.40311e-20
3.97956 -9.76888 -4.66687e-20
3.95965 -9.76845 9.03186e-22
3.93973 -9.76801 4.58932e-20
3.91982 -9.76759 8.55097e-20
3.89992 -9.76717 1.16961e-19
3.88002 -9.76675 1.37457e-19
3.86012 -9.76635 1.45126e-19
3.84024 -9.76596 1.41378e-19
3.82035 -9.76557 1.28349e-19
3.80047 -9.7652 1.08177e-19
3.7806 -9.76483 8.29976e-20
3.76073 -9.76448 5.49482e-20
3.74087 -9.76414 2.61656e-20
3.72102 -9.76382 -1.21343e-21
3.70117 -9.76351 -2.5052e-20
3.68133 -9.76321 -4.32132e-20
3.6615 -9.76293 -5.35603e-20
3.64167 -9.76266 -5.39564e-20
3.62186 -9.76241 -4.23977e-20
3.60205 -9.76218 -1.94412e-20
3.58225 -9.76196 1.20448e-20
3.56246 -9.76177 4.91089e-20
3.54268 -9.76159 8.87997e-20
3.52291 -9.76143 1.28166e-19
3.50315 -9.76128 1.64256e-19
3.48339 -9.76116 1.94119e-19
3.46365 -9.76105 2.14804e-19
3.44392 -9.76096 2.23359e-19
3.4242 -9.7609 2.16832e-19
3.4045 -9.76085 1.92273e-19
3.3848 -9.76082 1.4673e-19
3.36512 -9.76081 7.88768e-20
3.34545 -9.76083 -6.83374e-21
3.32579 -9.76086 -1.04665e-19
3.30614 -9.76091 -2.08882e-19
3.2865 -9.76098 -3.13746e-19
3.26687 -9.76107 -4.13522e-19
3.24726 -9.76117 -5.02473e-19
3.22765 -9.7613 -5.74862e-19
3.20805 -9.76144 -6.24954e-19
3.18846 -9.7616 -6.47012e-19
3.16888 -9.76178 -6.35299e-19
3.14931 -9.76197 -5.84078e-19
3.12975 -9.76218 -4.87995e-19
3.1102 -9.76241 -3.49027e-19
3.09065 -9.76265 -1.75774e-19
3.07111 -9.76291 2.29279e-20
3.05157 -9.76318 2.38243e-19
3.03204 -9.76346 4.61336e-19
3.01251 -9.76375 6.83369e-19
2.99299 -9.76406 8.95507e-19
2.97346 -9.76438 1.08891e-18
2.95394 -9.76471 1.25475e-18
2.93442 -9.76504 1.38419e-18
2.91489 -9.76539 1.46839e-18
2.89537 -9.76574 1.49851e-18
2.87584 -9.7661 1.46904e-18
2.85631 -9.76646 1.38629e-18
2.83677 -9.76683 1.25921e-18
2.81724 -9.76721 1.09672e-18
2.79769 -9.76758 9.07768e-19
2.77814 -9.76795 7.01284e-19
2.75858 -9.76833 4.86207e-19
2.73902 -9.7687 2.71474e-19
2.71944 -9.76907 6.60227e-20
2.69986 -9.76943 -1.21211e-19
2.68027 -9.76979 -2.8129e-19
2.66066 -9.77014 -4.05278e-19
2.64105 -9.77048 -4.84638e-19
2.62143 -9.77081 -5.1855e-19
2.60179 -9.77113 -5.13157e-19
2.58214 -9.77143 -4.74854e-19
2.56248 -9.77173 -4.10033e-19
2.54281 -9.772 -3.25088e-19
2.52314 -9.77226 -2.26412e-19
2.50345 -9.7725 -1.204e-19
2.48375 -9.77272 -1.34442e-20
2.46404 -9.77292 8.80615e-20
2.44432 -9.7731 1.77724e-19
2.42459 -9.77325 2.49149e-19
2.40485 -9.77337 2.95943e-19
2.3851 -9.77347 3.13231e-19
2.36535 -9.77354 3.03102e-19
2.34558 -9.77358 2.69641e-19
2.32581 -9.77359 2.16932e-19
2.30604 -9.77357 1.49061e-19
2.28626 -9.77352 7.01112e-20
2.26647 -9.77344 -1.58312e-20
2.24668 -9.77332 -1.04682e-19
2.22689 -9.77316 -1.92355e-19
2.20709 -9.77297 -2.74767e-19
2.18729 -9.77275 -3.47833e-19
2.1675 -9.77248 -4.07467e-19
2.1477 -9.77218 -4.496e-19
2.12791 -9.77183 -4.72063e-19
2.10811 -9.77145 -4.76447e-19
2.08832 -9.77103 -4.64786e-19
2.06853 -9.77057 -4.39114e-19
2.04875 -9.77007 -4.01464e-19
2.02896 -9.76953 -3.53869e-19
2.00919 -9.76895 -2.98362e-19
1.98942 -9.76833 -2.36978e-19
1.96965 -9.76767 -1.71748e-19
1.94989 -9.76697 -1.04707e-19
1.93014 -9.76624 -3.78881e-20
1.9104 -9.76546 2.66758e-20
1.89066 -9.76465 8.69685e-20
1.87094 -9.76379 1.41608e-19
1.85122 -9.7629 1.90012e-19
1.83151 -9.76197 2.31649e-19
1.81182 -9.761 2.65989e-19
1.79214 -9.76 2.92501e-19
1.77247 -9.75897 3.10654e-19
1.75281 -9.75789 3.19917e-19
1.73316 -9.75679 3.19759e-19
1.71353 -9.75565 3.0965e-19
1.69392 -9.75448 2.89058e-19
1.67432 -9.75328 2.57452e-19
1.65474 -9.75205 2.14302e-19
1.63517 -9.75079 1.59142e-19
1.61563 -9.7495 9.2961e-20
1.5961 -9.74818 1.81707e-20
1.57658 -9.74683 -6.27572e-20
1.55708 -9.74546 -1.47351e-19
1.5376 -9.74407 -2.3314e-19
1.51814 -9.74265 -3.17651e-19
1.49869 -9.7412 -3.98414e-19
1.47925 -9.73974 -4.72957e-19
1.45983 -9.73825 -5.38809e-19
1.44042 -9.73674 -5.93497e-19
1.42103 -9.73521 -6.3455e-19
1.40165 -9.73367 -6.59497e-19
1.38229 -9.7321 -6.65925e-19
1.36294 -9.73052 -6.53481e-19
1.3436 -9.72893 -6.24346e-19
1.32427 -9.72732 -5.80861e-19
1.30495 -9.72569 -5.25365e-19
1.28564 -9.72405 -4.60197e-19
1.26634 -9.7224 -3.87697e-19
1.24705 -9.72073 -3.10204e-19
1.22776 -9.71905 -2.30058e-19
1.20848 -9.71737 -1.49597e-19
1.1892 -9.71567 -7.11621e-20
1.16993 -9.71396 2.90808e-21
1.15065 -9.71224 7.0274e-20
1.13138 -9.71052 1.28596e-19
1.11211 -9.70879 1.76049e-19
1.09284 -9.70705 2.12876e-19
1.07357 -9.70531 2.39841e-19
1.0543 -9.70356 2.57708e-19
1.03501 -9.70182 2.67241e-19
1.01573 -9.70007 2.69205e-19
0.99643 -9.69832 2.64363e-19
0.977125 -9.69657 2.5348e-19
0.957809 -9.69482 2.37319e-19
0.938481 -9.69307 2.16645e-19
0.919139 -9.69133 1.92221e-19
0.899782 -9.68959 1.64813e-19
0.880409 -9.68786 1.35183e-19
0.861018 -9.68614 1.04096e-19
0.841608 -9.68443 7.22289e-20
0.822178 -9.68272 4.00598e-20
0.802729 -9.68103 8.03623e-21
0.78326 -9.67935 -2.3394e-20
0.76377 -9.67768 -5.37829e-20
0.744259 -9.67604 -8.26826e-20
0.724728 -9.67441 -1.09645e-19
0.705176 -9.67279 -1.34222e-19
0.685602 -9.6712 -1.55967e-19
0.666006 -9.66964 -1.7443e-19
0.646388 -9.66809 -1.89164e-19
0.626747 -9.66658 -1.99722e-19
0.607084 -9.66509 -2.05654e-19
0.587397 -9.66362 -2.06517e-19
0.567688 -9.66219 -2.02177e-19
0.547956 -9.6608 -1.93077e-19
0.528204 -9.65943 -1.79721e-19
0.508431 -9.6581 -1.62616e-19
0.488638 -9.65682 -1.42267e-19
0.468827 -9.65557 -1.19178e-19
0.448998 -9.65436 -9.38558e-20
0.429152 -9.65319 -6.6805e-20
0.409291 -9.65207 -3.8531e-20
0.389414 -9.651 -9.5392e-21
0.369524 -9.64998 1.96652e-20
0.34962 -9.649 4.85769e-20
0.329704 -9.64808 7.66906e-20
0.309777 -9.64722 1.03469e-19
0.28984 -9.64641 1.27989e-19
0.269896 -9.64565 1.49076e-19
0.249946 -9.64496 1.6555e-19
0.229994 -9.64431 1.7623e-19
0.210042 -9.64373 1.79938e-19
0.190091 -9.6432 1.75492e-19
0.170145 -9.64273 1.61714e-19
0.150204 -9.64232 1.37423e-19
0.130273 -9.64197 1.01439e-19
0.110352 -9.64167 5.25822e-20
0.090444 -9.64144 -1.03271e-20
0.0705517 -9.64126 -8.84689e-20
0.0506771 -9.64115 -1.82824e-19
0.0308224 -9.64109 -2.91386e-19
0.0109899 -9.6411 -4.09856e-19
-0.00881847 -9.64116 -5.33872e-19
-0.0286004 -9.64128 -6.59075e-19
-0.0483536 -9.64146 -7.81104e-19
-0.0680761 -9.6417 -8.95599e-19
-0.0877656 -9.64199 -9.98201e-19
-0.10742 -9.64234 -1.08455e-18
-0.127037 -9.64275 -1.15028e-18
-0.146615 -9.64321 -1.19104e-18
-0.16615 -9.64373 -1.20247e-18
-0.185643 -9.6443 -1.1802e-18
-0.205089 -9.64492 -1.12135e-18
-0.224492 -9.6456 -1.02991e-18
-0.243852 -9.64633 -9.11862e-19
-0.263173 -9.6471 -7.73175e-19
-0.282455 -9.64793 -6.19828e-19
-0.301702 -9.6488 -4.578e-19
-0.320916 -9.64971 -2.93067e-19
-0.340097 -9.65067 -1.31607e-19
-0.35925 -9.65166 2.06028e-20
-0.378375 -9.6527 1.57585e-19
-0.397474 -9.65377 2.73363e-19
-0.416551 -9.65487 3.61958e-19
-0.435607 -9.65602 4.17549e-19
-0.454643 -9.65719 4.38878e-19
-0.473661 -9.65839 4.29886e-19
-0.492661 -9.65963 3.94797e-19
-0.511646 -9.6609 3.37831e-19
-0.530616 -9.66219 2.63213e-19
-0.549572 -9.66352 1.75166e-19
-0.568515 -9.66487 7.79111e-20
-0.587447 -9.66625 -2.43278e-20
-0.606368 -9.66765 -1.27328e-19
-0.62528 -9.66908 -2.26867e-19
-0.644184 -9.67054 -3.18722e-19
-0.663081 -9.67202 -3.98669e-19
-0.681971 -9.67352 -4.63171e-19
-0.700857 -9.67505 -5.11859e-19
-0.719736 -9.67659 -5.45288e-19
-0.738611 -9.67816 -5.64011e-19
-0.757481 -9.67974 -5.68584e-19
-0.776347 -9.68134 -5.5956e-19
-0.795209 -9.68296 -5.37493e-19
-0.814067 -9.6846 -5.02938e-19
-0.832922 -9.68624 -4.56447e-19
-0.851774 -9.68791 -3.98576e-19
-0.870623 -9.68958 -3.29879e-19
-0.88947 -9.69127 -2.50908e-19
-0.908315 -9.69297 -1.62275e-19
-0.927158 -9.69467 -6.6214e-20
-0.946001 -9.69639 3.31871e-20
-0.964843 -9.69811 1.3174e-19
-0.983685 -9.69983 2.25258e-19
-1.00253 -9.70156 3.09552e-19
-1.02137 -9.70329 3.80434e-19
-1.04022 -9.70502 4.33716e-19
-1.05907 -9.70676 4.65211e-19
-1.07792 -9.70848 4.7073e-19
-1.09678 -9.71021 4.46086e-19
-1.11564 -9.71193 3.87091e-19
-1.13451 -9.71365 2.89555e-19
-1.15339 -9.71535 1.51493e-19
-1.17227 -9.71705 -1.88676e-20
-1.19116 -9.71874 -2.10334e-19
-1.21005 -9.72042 -4.11712e-19
-1.22896 -9.72208 -6.11808e-19
-1.24788 -9.72374 -7.99431e-19
-1.26682 -9.72538 -9.63385e-19
-1.28576 -9.72701 -1.09248e-18
-1.30473 -9.72863 -1.17552e-18
-1.32371 -9.73023 -1.20131e-18
-1.3427 -9.73181 -1.15866e-18
-1.36172 -9.73338 -1.03638e-18
-1.38075 -9.73493 -8.23713e-19
-1.39981 -9.73646 -5.23118e-19
-1.41888 -9.73797 -1.52056e-19
-1.43797 -9.73947 2.7119e-19
-1.45709 -9.74095 7.28339e-19
-1.47622 -9.7424 1.20111e-18
-1.49537 -9.74384 1.67122e-18
-1.51454 -9.74526 2.12039e-18
-1.53373 -9.74666 2.53033e-18
-1.55294 -9.74804 2.88277e-18
-1.57217 -9.7494 3.15942e-18
-1.59141 -9.75074 3.342e-18
-1.61067 -9.75206 3.41223e-18
-1.62995 -9.75337 3.35704e-18
-1.64924 -9.75465 3.18757e-18
-1.66855 -9.75591 2.92198e-18
-1.68788 -9.75714 2.57844e-18
-1.70721 -9.75836 2.1751e-18
-1.72656 -9.75956 1.73012e-18
-1.74592 -9.76073 1.26169e-18
-1.76529 -9.76189 7.87941e-19
-1.78467 -9.76302 3.27052e-19
-1.80406 -9.76413 -1.02816e-19
-1.82345 -9.76521 -4.83503e-19
-1.84285 -9.76628 -7.96846e-19
-1.86225 -9.76732 -1.02512e-18
-1.88166 -9.76834 -1.16339e-18
-1.90107 -9.76934 -1.22132e-18
-1.92048 -9.77031 -1.20935e-18
-1.93989 -9.77126 -1.13792e-18
-1.9593 -9.77219 -1.01747e-18
-1.9787 -9.77309 -8.58454e-19
-1.9981 -9.77397 -6.7131e-19
-2.0175 -9.77482 -4.66482e-19
-2.03688 -9.77565 -2.54414e-19
-2.05626 -9.77646 -4.55496e-20
-2.07563 -9.77724 1.49668e-19
-2.09499 -9.778 3.20796e-19
-2.11434 -9.77873 4.58001e-19
-2.13367 -9.77944 5.59079e-19
-2.15299 -9.78012 6.27016e-19
-2.1723 -9.78078 6.64897e-19
-2.1916 -9.78141 6.75808e-19
-2.21089 -9.78202 6.62833e-19
-2.23017 -9.78261 6.29058e-19
-2.24943 -9.78317 5.77567e-19
-2.26869 -9.7837 5.11447e-19
-2.28794 -9.78422 4.33781e-19
-2.30717 -9.7847 3.47656e-19
-2.3264 -9.78517 2.56155e-19
-2.34562 -9.78561 1.62365e-19
-2.36483 -9.78602 6.93551e-20
-2.38403 -9.78642 -2.04344e-20
-2.40323 -9.78679 -1.05403e-19
-2.42242 -9.78713 -1.84008e-19
-2.4416 -9.78745 -2.54707e-19
-2.46077 -9.78775 -3.15958e-19
-2.47994 -9.78803 -3.66219e-19
-2.4991 -9.78829 -4.03948e-19
-2.51826 -9.78852 -4.27601e-19
-2.53742 -9.78873 -4.35637e-19
-2.55656 -9.78891 -4.26514e-19
-2.57571 -9.78908 -3.98689e-19
-2.59485 -9.78923 -3.50619e-19
-2.61399 -9.78935 -2.80763e-19
-2.63312 -9.78945 -1.87804e-19
-2.65226 -9.78953 -7.41281e-20
-2.67139 -9.78959 5.48499e-20
-2.69052 -9.78963 1.93627e-19
-2.70965 -9.78964 3.36701e-19
-2.72878 -9.78964 4.78569e-19
-2.74791 -9.78961 6.13727e-19
-2.76704 -9.78955 7.36673e-19
-2.78617 -9.78948 8.41903e-19
-2.8053 -9.78937 9.23916e-19
-2.82444 -9.78925 9.77207e-19
-2.84358 -9.7891 9.96274e-19
-2.86273 -9.78892 9.75614e-19
-2.88187 -9.78872 9.09724e-19
-2.90103 -9.7885 7.93307e-19
-2.92019 -9.78824 6.27476e-19
-2.93935 -9.78797 4.20859e-19
-2.95852 -9.78766 1.82507e-19
-2.9777 -9.78732 -7.85244e-20
-2.99688 -9.78696 -3.53183e-19
-3.01607 -9.78657 -6.32416e-19
-3.03527 -9.78614 -9.07169e-19
-3.05448 -9.78569 -1.16839e-18
-3.07369 -9.7852 -1.40702e-18
-3.09292 -9.78468 -1.61402e-18
-3.11215 -9.78413 -1.78032e-18
-3.13139 -9.78355 -1.89687e-18
-3.15065 -9.78293 -1.95462e-18
-3.16991 -9.78227 -1.94454e-18
-3.18918 -9.78158 -1.86283e-18
-3.20847 -9.78085 -1.71922e-18
-3.22776 -9.78008 -1.52556e-18
-3.24707 -9.77927 -1.29371e-18
-3.26639 -9.77843 -1.03554e-18
-3.28572 -9.77754 -7.62894e-19
-3.30507 -9.7766 -4.87632e-19
-3.32442 -9.77563 -2.21611e-19
-3.3438 -9.7746 2.33098e-20
-3.36318 -9.77354 2.35275e-19
-3.38258 -9.77242 4.02426e-19
-3.402 -9.77125 5.12906e-19
-3.42143 -9.77004 5.54857e-19
-3.44088 -9.76877 5.16424e-19
-3.46034 -9.76745 3.8988e-19
-3.47982 -9.76608 1.89597e-19
-3.49931 -9.76465 -6.27054e-20
-3.51883 -9.76317 -3.453e-19
-3.53836 -9.76162 -6.3646e-19
-3.5579 -9.76002 -9.1446e-19
-3.57747 -9.75835 -1.15757e-18
-3.59705 -9.75662 -1.34407e-18
-3.61665 -9.75483 -1.45223e-18
-3.63627 -9.75297 -1.46033e-18
-3.65591 -9.75104 -1.34663e-18
-3.67556 -9.74904 -1.08941e-18
-3.69524 -9.74697 -6.66951e-19
-3.71494 -9.74482 -5.7518e-20
-3.73465 -9.74261 7.48446e-19
-3.75438 -9.74031 1.69808e-18
-3.77414 -9.73794 2.71855e-18
-3.79391 -9.73548 3.73702e-18
-3.81369 -9.73294 4.68065e-18
-3.8335 -9.73032 5.47661e-18
-3.85332 -9.7276 6.05206e-18
-3.87316 -9.72479 6.33415e-18
-3.89301 -9.72189 6.25005e-18
-3.91287 -9.7189 5.72693e-18
-3.93275 -9.7158 4.69194e-18
-3.95265 -9.71261 3.07224e-18
-3.97256 -9.70931 7.95009e-19
-3.99247 -9.70591 -2.20937e-18
-4.0124 -9.7024 -5.86385e-18
-4.03234 -9.69878 -9.88775e-18
-4.05229 -9.69505 -1.39854e-17
-4.07224 -9.6912 -1.7861e-17
-4.09219 -9.68724 -2.1219e-17
-4.11213 -9.68317 -2.37637e-17
-4.13208 -9.67897 -2.51993e-17
-4.15202 -9.67466 -2.52302e-17
-4.17195 -9.67022 -2.35606e-17
-4.19187 -9.66566 -1.9895e-17
-4.21178 -9.66097 -1.39375e-17
-4.23168 -9.65615 -5.39254e-18
-4.25155 -9.65121 6.02538e-18
-4.27141 -9.64613 2.00409e-17
-4.29124 -9.64092 3.55384e-17
-4.31105 -9.63558 5.13334e-17
-4.33082 -9.63012 6.62413e-17
-4.35057 -9.62451 7.90775e-17
-4.37027 -9.61878 8.86574e-17
-4.38994 -9.61292 9.37966e-17
-4.40956 -9.60692 9.33104e-17
-4.42914 -9.6008 8.60142e-17
-4.44867 -9.59454 7.07236e-17
-4.46815 -9.58815 4.62539e-17
-4.48757 -9.58163 1.14206e-17
-4.50693 -9.57497 -3.46528e-17
-4.52623 -9.56819 -8.9496e-17
-4.54547 -9.56127 -1.48586e-16
-4.56465 -9.55423 -2.07371e-16
-4.58377 -9.54706 -2.61297e-16
-4.60283 -9.53976 -3.05811e-16
-4.62183 -9.53233 -3.36362e-16
-4.64077 -9.52478 -3.48397e-16
-4.65964 -9.51711 -3.37362e-16
-4.67846 -9.50931 -2.98705e-16
-4.69721 -9.50139 -2.27874e-16
-4.7159 -9.49335 -1.20316e-16
-4.73452 -9.48519 2.84996e-17
-4.75309 -9.47691 2.17199e-16
-4.77159 -9.46852 4.30695e-16
-4.79003 -9.46001 6.51957e-16
-4.80841 -9.45138 8.63952e-16
-4.82674 -9.44264 1.04965e-15
-4.845 -9.43379 1.19202e-15
-4.86321 -9.42483 1.27403e-15
-4.88137 -9.41576 1.27865e-15
-4.89948 -9.40658 1.18884e-15
-4.91753 -9.3973 9.87587e-16
-4.93553 -9.38791 6.57844e-16
-4.95348 -9.37841 1.82586e-16
-4.97138 -9.36882 -4.50893e-16
-4.98924 -9.35912 -1.20829e-15
-5.00705 -9.34932 -2.02647e-15
-5.02481 -9.33943 -2.84187e-15
-5.04253 -9.32944 -3.59096e-15
-5.0602 -9.31935 -4.21017e-15
-5.07782 -9.30918 -4.63595e-15
-5.0954 -9.29892 -4.80475e-15
-5.11294 -9.28857 -4.65302e-15
-5.13044 -9.27813 -4.11721e-15
-5.14789 -9.26761 -3.13375e-15
-5.1653 -9.25701 -1.63911e-15
-5.18267 -9.24633 4.29953e-16
-5.2 -9.23557 3.05444e-15
-5.21729 -9.22473 6.02426e-15
-5.23454 -9.21383 9.10226e-15
-5.25175 -9.20285 1.20513e-14
-5.26892 -9.1918 1.46341e-14
-5.28604 -9.18069 1.66137e-14
-5.30313 -9.16951 1.77528e-14
-5.32018 -9.15828 1.78142e-14
-5.3372 -9.14698 1.65608e-14
-5.35417 -9.13563 1.37555e-14
-5.3711 -9.12422 9.16109e-15
-5.388 -9.11276 2.54037e-15
-5.40485 -9.10126 -6.28353e-15
-5.42167 -9.0897 -1.68329e-14
-5.43845 -9.0781 -2.82284e-14
-5.45519 -9.06646 -3.9585e-14
-5.47189 -9.05478 -5.00177e-14
-5.48856 -9.04307 -5.86413e-14
-5.50519 -9.03132 -6.45709e-14
-5.52179 -9.01954 -6.69212e-14
-5.53834 -9.00773 -6.48073e-14
-5.55487 -8.99589 -5.7344e-14
-5.57135 -8.98403 -4.36463e-14
-5.58781 -8.97215 -2.28292e-14
-5.60422 -8.96025 5.98807e-15
-5.62061 -8.94834 4.25407e-14
-5.63695 -8.93641 8.39028e-14
-5.65327 -8.92447 1.26771e-13
-5.66956 -8.91251 1.67843e-13
-5.68582 -8.90055 2.03814e-13
-5.70205 -8.88858 2.31383e-13
-5.71825 -8.8766 2.47245e-13
-5.73443 -8.86462 2.48098e-13
-5.75058 -8.85264 2.30639e-13
-5.76671 -8.84065 1.91564e-13
-5.78282 -8.82867 1.27571e-13
-5.79891 -8.81669 3.53559e-14
-5.81498 -8.80471 -8.75579e-14
-5.83102 -8.79274 -2.34673e-13
-5.84705 -8.78079 -3.93988e-13
-5.86306 -8.76885 -5.53422e-13
-5.87904 -8.75693 -7.00892e-13
-5.89501 -8.74504 -8.24318e-13
-5.91094 -8.73318 -9.11618e-13
-5.92685 -8.72136 -9.5071e-13
-5.94274 -8.70959 -9.29514e-13
-5.9586 -8.69786 -8.35948e-13
-5.97443 -8.68618 -6.5793e-13
-5.99023 -8.67455 -3.83379e-13
-6.006 -8.66299 -2.70877e-16
-6.02174 -8.6515 4.88806e-13
-6.03745 -8.64008 1.04731e-12
-6.05312 -8.62873 1.63387e-12
-6.06877 -8.61747 2.20715e-12
-6.08437 -8.60629 2.72578e-12
-6.09995 -8.59521 3.14841e-12
-6.11548 -8.58423 3.43368e-12
-6.13098 -8.57334 3.54023e-12
-6.14645 -8.56257 3.42671e-12
-6.16187 -8.55191 3.05176e-12
-6.17725 -8.54137 2.37402e-12
-6.1926 -8.53096 1.35213e-12
-6.2079 -8.52068 -4.63895e-14
-6.22317 -8.51052 -1.75779e-12
-6.23839 -8.5005 -3.65927e-12
-6.25359 -8.49062 -5.62717e-12
-6.26875 -8.48087 -7.53783e-12
-6.28388 -8.47126 -9.2676e-12
-6.29898 -8.46179 -1.06928e-11
-6.31406 -8.45246 -1.16898e-11
-6.32912 -8.44328 -1.2135e-11
-6.34417 -8.43423 -1.19046e-11
-6.35919 -8.42533 -1.08751e-11
-6.3742 -8.41658 -8.92273e-12
-6.3892 -8.40797 -5.92388e-12
-6.40419 -8.39951 -1.75489e-12
-6.41918 -8.3912 3.63407e-12
-6.43416 -8.38304 9.94205e-12
-6.44915 -8.37503 1.67641e-11
-6.46414 -8.36717 2.36951e-11
-6.47913 -8.35946 3.033e-11
-6.49414 -8.3519 3.6264e-11
-6.50916 -8.34448 4.10919e-11
-6.52419 -8.33722 4.44087e-11
-6.53925 -8.3301 4.58094e-11
-6.55433 -8.32313 4.4889e-11
-6.56943 -8.31631 4.12424e-11
-6.58456 -8.30963 3.44647e-11
-6.59973 -8.3031 2.41508e-11
-6.61493 -8.29672 9.8957e-12
-6.63017 -8.29049 -8.70561e-12
-6.64546 -8.2844 -3.17311e-11
-6.66078 -8.27846 -5.78729e-11
-6.67616 -8.27266 -8.54566e-11
-6.69158 -8.26701 -1.12807e-10
-6.70705 -8.26151 -1.38251e-10
-6.72257 -8.25616 -1.60112e-10
-6.73814 -8.25095 -1.76716e-10
-6.75377 -8.24589 -1.86389e-10
-6.76946 -8.24098 -1.87455e-10
-6.7852 -8.23622 -1.78241e-10
-6.801 -8.2316 -1.57072e-10
-6.81687 -8.22714 -1.22272e-10
-6.8328 -8.22282 -7.21679e-11
-6.84879 -8.21865 -5.08434e-12
-6.86486 -8.21463 7.98706e-11
-6.88098 -8.21076 1.78308e-10
-6.89717 -8.20703 2.83657e-10
-6.91342 -8.20346 3.89339e-10
-6.92973 -8.20003 4.88776e-10
-6.94609 -8.19676 5.75388e-10
-6.9625 -8.19363 6.42598e-10
-6.97896 -8.19065 6.83826e-10
-6.99546 -8.18782 6.92495e-10
-7.01201 -8.18513 6.62026e-10
-7.0286 -8.1826 5.8584e-10
-7.04522 -8.18021 4.5736e-10
-7.06188 -8.17797 2.70006e-10
-7.07857 -8.17588 1.72587e-11
-7.09529 -8.17394 -2.98571e-10
-7.11204 -8.17214 -6.57e-10
-7.12881 -8.17049 -1.03531e-09
-7.14561 -8.16899 -1.41078e-09
-7.16243 -8.16763 -1.76069e-09
-7.17928 -8.16642 -2.06233e-09
-7.19615 -8.16536 -2.29297e-09
-7.21303 -8.16443 -2.42989e-09
-7.22994 -8.16365 -2.45037e-09
-7.24686 -8.16302 -2.3317e-09
-7.2638 -8.16252 -2.05116e-09
-7.28075 -8.16217 -1.58602e-09
-7.29771 -8.16196 -9.13566e-10
-7.31469 -8.16189 -1.11004e-11
-7.33168 -8.16196 1.12067e-09
-7.34868 -8.16218 2.41299e-09
-7.36569 -8.16253 3.78482e-09
-7.38272 -8.16302 5.1551e-09
-7.39976 -8.16366 6.44279e-09
-7.41682 -8.16443 7.56683e-09
-7.4339 -8.16535 8.44619e-09
-7.45099 -8.1664 8.99982e-09
-7.46811 -8.1676 9.14665e-09
-7.48524 -8.16894 8.80565e-09
-7.5024 -8.17041 7.89577e-09
-7.51958 -8.17203 6.33596e-09
-7.53678 -8.17379 4.04517e-09
-7.55401 -8.17569 9.42359e-10
-7.57127 -8.17773 -3.04248e-09
-7.58855 -8.17991 -7.77533e-09
-7.60586 -8.18224 -1.29426e-08
-7.6232 -8.1847 -1.82246e-08
-7.64056 -8.1873 -2.33017e-08
-7.65796 -8.19004 -2.78541e-08
-7.67538 -8.19293 -3.15622e-08
-7.69283 -8.19595 -3.41063e-08
-7.71032 -8.19912 -3.51666e-08
-7.72783 -8.20243 -3.44235e-08
-7.74538 -8.20587 -3.15573e-08
-7.76295 -8.20946 -2.62483e-08
-7.78056 -8.21319 -1.81767e-08
-7.7982 -8.21706 -7.02299e-09
-7.81587 -8.22107 7.53102e-09
-7.83358 -8.22522 2.53739e-08
-7.8513 -8.2295 4.53881e-08
-7.86904 -8.23392 6.63124e-08
-7.88677 -8.23847 8.68857e-08
-7.9045 -8.24315 1.05847e-07
-7.92221 -8.24795 1.21934e-07
-7.93989 -8.25287 1.33886e-07
-7.95753 -8.25791 1.40443e-07
-7.97512 -8.26306 1.40342e-07
-7.99265 -8.26832 1.32323e-07
-8.01011 -8.27369 1.15124e-07
-8.02749 -8.27917 8.74839e-08
-8.04479 -8.28474 4.81417e-08
-8.06198 -8.29042 -4.07341e-09
-8.07907 -8.29619 -6.78631e-08
-8.09605 -8.30204 -1.39225e-07
-8.11291 -8.30799 -2.14017e-07
-8.12966 -8.31402 -2.88101e-07
-8.14628 -8.32013 -3.57335e-07
-8.16278 -8.32632 -4.17578e-07
-8.17915 -8.33258 -4.64691e-07
-8.19538 -8.33891 -4.94532e-07
-8.21148 -8.3453 -5.02962e-07
-8.22744 -8.35176 -4.85839e-07
-8.24325 -8.35827 -4.39023e-07
-8.25891 -8.36484 -3.58374e-07
-8.27443 -8.37146 -2.39779e-07
-8.28978 -8.37813 -1.01961e-07
-8.30498 -8.38484 -2.75301e-08
-8.32003 -8.3916 -1.10189e-07
-8.33492 -8.3984 -4.4364e-07
-8.34966 -8.40525 -1.12158e-06
-8.36425 -8.41213 -2.23772e-06
-8.37868 -8.41905 -3.88576e-06
-8.39295 -8.42601 -6.15939e-06
-8.40708 -8.43301 -9.15233e-06
-8.42105 -8.44003 -1.29583e-05
-8.43487 -8.4471 -1.76709e-05
-8.44853 -8.45419 -2.33839e-05
-8.46205 -8.46131 -3.01911e-05
-8.47541 -8.46846 -3.81861e-05
-8.48862 -8.47564 -4.74625e-05
-8.50168 -8.48285 -5.81142e-05
-8.51459 -8.49007 -7.02523e-05
-8.52736 -8.49732 -8.56214e-05
-8.53997 -8.5046 -0.000108906
-8.55244 -8.5119 -0.000145098
-8.56477 -8.51922 -0.00019919
-8.57697 -8.52657 -0.000276174
-8.58902 -8.53395 -0.000381042
-8.60095 -8.54135 -0.000518786
-8.61275 -8.54879 -0.000694397
-8.62442 -8.55625 -0.000912869
-8.63597 -8.56374 -0.00117919
-8.6474 -8.57127 -0.00149836
-8.65872 -8.57883 -0.00187537
-8.66992 -8.58642 -0.0023152
-8.68101 -8.59404 -0.00282285
-8.69199 -8.6017 -0.00340332
-8.70286 -8.6094 -0.00406159
-8.71364 -8.61713 -0.00480266
-8.72431 -8.6249 -0.00563152
-8.73489 -8.6327 -0.00655142
-8.74538 -8.64055 -0.00755457
-8.75578 -8.64844 -0.00862885
-8.76609 -8.65638 -0.00976214
-8.77632 -8.66437 -0.0109423
-8.78648 -8.67241 -0.0121572
-8.79655 -8.6805 -0.0133948
-8.80656 -8.68866 -0.0146428
-8.8165 -8.69687 -0.0158892
-8.82637 -8.70515 -0.0171219
-8.83619 -8.7135 -0.0183287
-8.84594 -8.72191 -0.0194974
-8.85564 -8.7304 -0.0206161
-8.8653 -8.73897 -0.0216724
-8.8749 -8.74761 -0.0226544
-8.88446 -8.75634 -0.0235499
-8.89398 -8.76515 -0.0243467
-8.90347 -8.77404 -0.0250327
-8.91292 -8.78303 -0.0255959
-8.92234 -8.79212 -0.026024
-8.93174 -8.80129 -0.026306
-8.94111 -8.81057 -0.0264392
-8.95044 -8.81993 -0.0264253
-8.95974 -8.82938 -0.0262663
-8.969 -8.83892 -0.0259638
-8.97822 -8.84853 -0.0255196
-8.98738 -8.85822 -0.0249356
-8.9965 -8.86799 -0.0242135
-9.00555 -8.87782 -0.023355
-9.01455 -8.88772 -0.022362
-9.02347 -8.89768 -0.0212363
-9.03233 -8.90769 -0.0199796
-9.04112 -8.91777 -0.0185937
-9.04983 -8.92789 -0.0170804
-9.05845 -8.93806 -0.0154415
-9.06699 -8.94828 -0.0136788
-9.07544 -8.95853 -0.011794
-9.08379 -8.96882 -0.00978891
-9.09205 -8.97914 -0.00766537
-9.1002 -8.9895 -0.00542512
-9.10825 -8.99987 -0.00306995
-9.11618 -9.01027 -0.000602406
-9.12401 -9.0207 0.0019708
-9.13172 -9.03114 0.00464154
-9.13932 -9.04161 0.00740169
-9.14682 -9.05209 0.0102431
-9.1542 -9.0626 0.0131578
-9.16148 -9.07313 0.0161374
-9.16865 -9.08369 0.019174
-9.17571 -9.09427 0.0222594
-9.18266 -9.10487 0.0253855
-9.18951 -9.11549 0.0285441
-9.19625 -9.12613 0.0317272
-9.20289 -9.1368 0.0349266
-9.20942 -9.1475 0.0381342
-9.21584 -9.15821 0.0413418
-9.22217 -9.16895 0.0445414
-9.22838 -9.17971 0.0477248
-9.2345 -9.1905 0.0508848
-9.24051 -9.20131 0.0540158
-9.24643 -9.21214 0.0571121
-9.25225 -9.223 0.0601683
-9.25797 -9.23388 0.0631789
-9.26361 -9.24477 0.0661383
-9.26915 -9.25569 0.069041
-9.2746 -9.26663 0.0718815
-9.27996 -9.27759 0.0746543
-9.28524 -9.28857 0.0773539
-9.29043 -9.29957 0.0799747
-9.29555 -9.31059 0.0825112
-9.30058 -9.32162 0.084958
-9.30553 -9.33267 0.0873094
-9.31041 -9.34374 0.0895601
-9.31522 -9.35483 0.0917043
-9.31996 -9.36593 0.0937367
-9.32462 -9.37705 0.0956517
-9.32922 -9.38818 0.0974439
-9.33375 -9.39933 0.0991076
-9.33821 -9.41049 0.100637
-9.34261 -9.42166 0.102028
-9.34696 -9.43285 0.103273
-9.35124 -9.44405 0.104368
-9.35547 -9.45527 0.105308
-9.35964 -9.46649 0.106097
-9.36375 -9.47773 0.106741
-9.36781 -9.48898 0.107249
-9.37181 -9.50024 0.107627
-9.37574 -9.51152 0.107883
-9.37962 -9.52281 0.108024
-9.38344 -9.53411 0.108056
-9.38719 -9.54542 0.107987
-9.39089 -9.55674 0.107824
-9.39452 -9.56808 0.107575
-9.39809 -9.57943 0.107246
-9.4016 -9.59079 0.106845
-9.40504 -9.60217 0.106379
-9.40841 -9.61356 0.105855
-9.41172 -9.62496 0.10528
-9.41497 -9.63637 0.104661
-9.41815 -9.6478 0.104006
-9.42126 -9.65924 0.103321
-9.4243 -9.67069 0.102614
-9.42728 -9.68215 0.101892
-9.43018 -9.69363 0.101163
-9.43302 -9.70512 0.100433
-9.43578 -9.71663 0.0997089
-9.43848 -9.72814 0.0989989
-9.4411 -9.73967 0.0983094
-9.44365 -9.75122 0.0976462
-9.44613 -9.76278 0.0970143
-9.44853 -9.77435 0.0964188
-9.45086 -9.78594 0.095865
-9.45312 -9.79754 0.095358
-9.4553 -9.80917 0.0949029
-9.4574 -9.82081 0.0945048
-9.45942 -9.83247 0.0941689
-9.46137 -9.84415 0.0939004
-9.46324 -9.85584 0.0937044
-9.46503 -9.86756 0.093586
-9.46675 -9.87931 0.0935504
-9.46838 -9.89107 0.0936026
-9.46993 -9.90285 0.093748
-9.4714 -9.91466 0.0939916
-9.47278 -9.9265 0.0943385
-9.47409 -9.93836 0.0947939
-9.47531 -9.95024 0.095363
-9.47644 -9.96215 0.0960508
-9.4775 -9.97409 0.0968626
-9.47846 -9.98605 0.0978034
-9.47934 -9.99805 0.0988785
-9.48013 -10.0101 0.100093
-9.48084 -10.0221 0.101452
-9.48146 -10.0342 0.10296
-9.48199 -10.0463 0.104616
-9.48243 -10.0585 0.10641
-9.48278 -10.0706 0.108333
-9.48303 -10.0828 0.110377
-9.4832 -10.0951 0.112532
-9.48328 -10.1073 0.11479
-9.48326 -10.1196 0.117141
-9.48315 -10.1319 0.119576
-9.48294 -10.1443 0.122086
-9.48264 -10.1566 0.124663
-9.48224 -10.169 0.127297
-9.48175 -10.1814 0.129979
-9.48116 -10.1939 0.1327
-9.48047 -10.2063 0.135451
-9.47968 -10.2188 0.138223
-9.4788 -10.2313 0.141007
-9.47781 -10.2439 0.143794
-9.47673 -10.2564 0.146575
-9.47554 -10.269 0.14934
-9.47425 -10.2816 0.152082
-9.47286 -10.2942 0.15479
-9.47137 -10.3068 0.157456
-9.46977 -10.3195 0.160071
-9.46806 -10.3322 0.162625
-9.46625 -10.3448 0.16511
-9.46434 -10.3575 0.167517
-9.46232 -10.3703 0.169839
-9.4602 -10.383 0.172074
-9.45798 -10.3958 0.174218
-9.45566 -10.4085 0.176269
-9.45324 -10.4213 0.178223
-9.45074 -10.4341 0.180077
-9.44814 -10.4469 0.181829
-9.44546 -10.4597 0.183476
-9.4427 -10.4725 0.185014
-9.43985 -10.4854 0.18644
-9.43692 -10.4982 0.187752
-9.43392 -10.5111 0.188946
-9.43085 -10.5239 0.19002
-9.4277 -10.5368 0.19097
-9.42449 -10.5496 0.191794
-9.42121 -10.5625 0.192489
-9.41787 -10.5754 0.193051
-9.41447 -10.5882 0.193477
-9.41101 -10.6011 0.193765
-9.40749 -10.614 0.193913
-9.40393 -10.6268 0.193922
-9.40031 -10.6397 0.193795
-9.39664 -10.6526 0.193532
-9.39294 -10.6654 0.193135
-9.38918 -10.6782 0.192607
-9.38539 -10.691 0.191949
-9.38156 -10.7038 0.191162
-9.37769 -10.7166 0.190249
-9.3738 -10.7294 0.189211
-9.36987 -10.7421 0.18805
-9.36591 -10.7548 0.186767
-9.36193 -10.7675 0.185365
-9.35792 -10.7801 0.183845
-9.35389 -10.7927 0.182209
-9.34985 -10.8053 0.180458
-9.34579 -10.8178 0.178594
-9.34171 -10.8303 0.176619
-9.33763 -10.8428 0.174535
-9.33353 -10.8551 0.172345
-9.32943 -10.8675 0.170058
-9.32532 -10.8798 0.167685
-9.3212 -10.892 0.165237
-9.31708 -10.9042 0.162725
-9.31295 -10.9164 0.160161
-9.30882 -10.9285 0.157555
-9.30468 -10.9405 0.154919
-9.30054 -10.9525 0.152263
-9.2964 -10.9644 0.149599
-9.29225 -10.9763 0.146938
-9.2881 -10.9881 0.144292
-9.28396 -10.9998 0.14167
-9.27981 -11.0115 0.139084
-9.27566 -11.0232 0.136546
-9.27151 -11.0347 0.134067
-9.26737 -11.0462 0.131656
-9.26322 -11.0577 0.129327
-9.25908 -11.069 0.127089
-9.25494 -11.0804 0.124954
-9.25081 -11.0916 0.122933
-9.24668 -11.1028 0.121037
-9.24256 -11.1139 0.119277
-9.23844 -11.1249 0.117664
-9.23433 -11.1359 0.116199
-9.23023 -11.1468 0.114873
-9.22614 -11.1576 0.113682
-9.22206 -11.1683 0.112616
-9.218 -11.179 0.11167
-9.21396 -11.1895 0.110836
-9.20993 -11.2 0.110106
-9.20592 -11.2104 0.109475
-9.20193 -11.2206 0.108934
-9.19797 -11.2308 0.108476
-9.19403 -11.2409 0.108095
-9.19012 -11.2508 0.107783
-9.18624 -11.2607 0.107533
-9.18239 -11.2704 0.107339
-9.17858 -11.28 0.107192
-9.17479 -11.2895 0.107085
-9.17105 -11.2989 0.107013
-9.16734 -11.3081 0.106967
-9.16367 -11.3172 0.10694
-9.16004 -11.3262 0.106925
-9.15646 -11.335 0.106916
-9.15292 -11.3437 0.106906
-9.14942 -11.3522 0.106897
-9.14598 -11.3606 0.106886
-9.14258 -11.3689 0.106875
-9.13922 -11.377 0.106864
-9.13591 -11.385 0.106852
-9.13265 -11.3928 0.10684
-9.12944 -11.4005 0.106828
-9.12628 -11.4081 0.106815
-9.12317 -11.4155 0.106803
-9.1201 -11.4228 0.10679
-9.11709 -11.4299 0.106777
-9.11412 -11.4369 0.106763
-9.11121 -11.4438 0.10675
-9.10834 -11.4505 0.106737
-9.10553 -11.4571 0.106724
-9.10277 -11.4635 0.106711
-9.10007 -11.4698 0.106698
-9.09741 -11.476 0.106685
-9.09481 -11.482 0.106672
-9.09226 -11.4879 0.106659
-9.08977 -11.4936 0.106647
-9.08733 -11.4992 0.106635
-9.08495 -11.5046 0.106623
-9.08263 -11.51 0.106612
-9.08036 -11.5151 0.106601
-9.07816 -11.5202 0.106589
-9.07601 -11.525 0.106579
-9.07393 -11.5298 0.106568
-9.0719 -11.5343 0.106558
-9.06994 -11.5388 0.106548
-9.06804 -11.5431 0.106538
-9.0662 -11.5472 0.106529
-9.06443 -11.5512 0.10652
-9.06273 -11.555 0.106512
-9.06109 -11.5587 0.106503
-9.05952 -11.5622 0.106495
-9.05802 -11.5656 0.106488
-9.05658 -11.5688 0.106481
-9.05522 -11.5718 0.106474
-9.05392 -11.5747 0.106467
-9.0527 -11.5775 0.106461
-9.05155 -11.58 0.106455
-9.05048 -11.5825 0.10645
-9.04947 -11.5847 0.106445
-9.04855 -11.5868 0.106441
-----------------------------------------
Driving on pointcloud 
0.0815005
0.0278296
66.1166
4.86069
2.08968
1.6766
